time	V(Vd,VSW)	I(L1)
0.000000000000000e+00	-1.308585e+01	8.106505e-01
1.251000000014602e-07	-1.308967e+01	8.029785e-01
3.651000000017696e-07	-1.309679e+01	7.882601e-01
8.451000000023884e-07	-1.311005e+01	7.588250e-01
1.012000000015501e-06	-1.311436e+01	7.485909e-01
1.018000000012342e-06	-1.311451e+01	7.482231e-01
1.073999999982866e-06	-1.311589e+01	7.447894e-01
1.250000000016863e-06	-1.312011e+01	7.339987e-01
1.251000000016336e-06	-1.312013e+01	7.339374e-01
1.251100000015937e-06	-1.312013e+01	7.339312e-01
1.251300000015138e-06	-1.312014e+01	7.339190e-01
1.251600000015674e-06	-1.312014e+01	7.339005e-01
1.252000000015810e-06	-1.312015e+01	7.338760e-01
1.252040000015650e-06	-1.312015e+01	7.338736e-01
1.252120000015330e-06	-1.312016e+01	7.338687e-01
1.252280000014691e-06	-1.312016e+01	7.338589e-01
1.252600000015147e-06	-1.312017e+01	7.338393e-01
1.253240000016059e-06	-1.312018e+01	7.338001e-01
1.254433197810101e-06	-1.312021e+01	7.337269e-01
1.256819593396449e-06	-1.312027e+01	7.335806e-01
1.260510277422203e-06	-1.312035e+01	7.333543e-01
1.264061820617154e-06	-1.312044e+01	7.331366e-01
1.267958533210378e-06	-1.312053e+01	7.328976e-01
1.271714913068586e-06	-1.312063e+01	7.326674e-01
1.274558065388065e-06	-1.312070e+01	7.324930e-01
1.276338890380743e-06	-1.312075e+01	7.323839e-01
1.278046122144688e-06	-1.312080e+01	7.322792e-01
1.278953722627305e-06	-1.312083e+01	7.322236e-01
1.280049358516611e-06	-1.312087e+01	7.321564e-01
1.281775404027991e-06	-1.312092e+01	7.320506e-01
1.283589566219989e-06	-1.312098e+01	7.319394e-01
1.285582847976655e-06	-1.312106e+01	7.318172e-01
1.286810667959493e-06	-1.312113e+01	7.317419e-01
1.288293302686289e-06	-1.312126e+01	7.316510e-01
1.289726770242750e-06	-1.312140e+01	7.315631e-01
1.291150640037389e-06	-1.312155e+01	7.314758e-01
1.293622983738682e-06	-1.312181e+01	7.313243e-01
1.297749009334520e-06	-1.312224e+01	7.310712e-01
1.301982205246383e-06	-1.312270e+01	7.308117e-01
1.310448597071842e-06	-1.312360e+01	7.302926e-01
1.318326129205391e-06	-1.312310e+01	7.298096e-01
1.321821560540393e-06	-1.311261e+01	7.295953e-01
1.324387306140748e-06	-1.308263e+01	7.294383e-01
1.326517817749895e-06	-1.303183e+01	7.293083e-01
1.329204435877515e-06	-1.293057e+01	7.291454e-01
1.332187481011340e-06	-1.275335e+01	7.289659e-01
1.333098869592264e-06	-1.212273e+01	7.289119e-01
1.333436319443312e-06	-1.113538e+01	7.288927e-01
1.333505765590062e-06	-1.083493e+01	7.288890e-01
1.333549976305012e-06	-1.068996e+01	7.288868e-01
1.333606624921366e-06	-1.057211e+01	7.288840e-01
1.333671776723722e-06	-1.047748e+01	7.288808e-01
1.333745641710765e-06	-1.040408e+01	7.288771e-01
1.333863815221673e-06	-1.032313e+01	7.288714e-01
1.333988229461000e-06	-1.026210e+01	7.288654e-01
1.334237057939655e-06	-1.016777e+01	7.288534e-01
1.334469186601434e-06	-1.008951e+01	7.288424e-01
1.334933443924990e-06	-9.939960e+00	7.288205e-01
1.335506959255703e-06	-9.755465e+00	7.287940e-01
1.336653989915393e-06	-9.384554e+00	7.287428e-01
1.338475895491451e-06	-8.789961e+00	7.286661e-01
1.342016161162349e-06	-7.619793e+00	7.285334e-01
1.347766998482589e-06	-5.693699e+00	7.283587e-01
1.355320442817873e-06	-3.141998e+00	7.281975e-01
1.362123974613105e-06	-8.476152e-01	7.281214e-01
1.368462798582298e-06	1.246981e+00	7.281178e-01
1.375779223855220e-06	3.542098e+00	7.281862e-01
1.382429570949417e-06	5.375541e+00	7.283094e-01
1.389577070295273e-06	6.900775e+00	7.284979e-01
1.396647939461496e-06	7.970450e+00	7.287262e-01
1.404866161099430e-06	8.934008e+00	7.290296e-01
1.412992346083025e-06	9.814090e+00	7.293621e-01
1.420978862189462e-06	1.066725e+01	7.297183e-01
1.426723643031466e-06	1.126586e+01	7.299917e-01
1.429700641724166e-06	1.153369e+01	7.301397e-01
1.431457497787572e-06	1.163960e+01	7.302292e-01
1.433836437150782e-06	1.172357e+01	7.303516e-01
1.435378297793416e-06	1.175943e+01	7.304313e-01
1.437529808957089e-06	1.179269e+01	7.305429e-01
1.440234800505549e-06	1.182203e+01	7.306836e-01
1.443019154849859e-06	1.184272e+01	7.308288e-01
1.447208890460391e-06	1.186334e+01	7.310476e-01
1.452895486852082e-06	1.188155e+01	7.313451e-01
1.460521388945910e-06	1.189665e+01	7.317445e-01
1.470996789085244e-06	1.190997e+01	7.322938e-01
1.475733843075630e-06	1.191425e+01	7.325424e-01
1.478911528610474e-06	1.191649e+01	7.327092e-01
1.481683358665886e-06	1.191819e+01	7.328547e-01
1.484563208486306e-06	1.191978e+01	7.330059e-01
1.487652969109007e-06	1.192131e+01	7.331682e-01
1.490592622211545e-06	1.192264e+01	7.333226e-01
1.493991107876305e-06	1.192402e+01	7.335011e-01
1.497569254806097e-06	1.192532e+01	7.336891e-01
1.501883198000084e-06	1.192672e+01	7.339157e-01
1.506396483903077e-06	1.192799e+01	7.341529e-01
1.513309474034802e-06	1.192969e+01	7.345161e-01
1.519377636552410e-06	1.193096e+01	7.348351e-01
1.526250953298031e-06	1.193219e+01	7.351964e-01
1.533049410791174e-06	1.193324e+01	7.355537e-01
1.540584017542188e-06	1.193424e+01	7.359498e-01
1.549983484174303e-06	1.193529e+01	7.364439e-01
1.561023901112610e-06	1.193631e+01	7.370244e-01
1.575420684327838e-06	1.193738e+01	7.377813e-01
1.591257360775492e-06	1.193835e+01	7.386141e-01
1.601149562088788e-06	1.193885e+01	7.391343e-01
1.607774981782564e-06	1.193914e+01	7.394826e-01
1.614296722629582e-06	1.193940e+01	7.398256e-01
1.620245593410979e-06	1.193961e+01	7.401384e-01
1.624556279288675e-06	1.193976e+01	7.403651e-01
1.629352189114197e-06	1.193990e+01	7.406173e-01
1.635134196563415e-06	1.194006e+01	7.409214e-01
1.640661845799321e-06	1.194019e+01	7.412120e-01
1.648296425365084e-06	1.194036e+01	7.416135e-01
1.655886111028015e-06	1.194051e+01	7.420126e-01
1.664105548812925e-06	1.194065e+01	7.424448e-01
1.672309622261295e-06	1.194077e+01	7.428762e-01
1.681011891440862e-06	1.194089e+01	7.433338e-01
1.690715787042857e-06	1.194100e+01	7.438441e-01
1.701203578586066e-06	1.194111e+01	7.443956e-01
1.715629903056154e-06	1.194123e+01	7.451541e-01
1.729790157714226e-06	1.194133e+01	7.458987e-01
1.754370117890841e-06	1.194146e+01	7.471911e-01
1.781822257674454e-06	1.194154e+01	7.486344e-01
1.836482801395936e-06	1.194159e+01	7.515079e-01
1.909490091133934e-06	1.194153e+01	7.553453e-01
2.021312599815445e-06	1.194126e+01	7.612217e-01
2.132879290215467e-06	1.194090e+01	7.670830e-01
2.295246622442335e-06	1.194030e+01	7.756100e-01
2.454176847065462e-06	1.193968e+01	7.839531e-01
2.672944663566559e-06	1.193882e+01	7.954314e-01
2.912944663566869e-06	1.193786e+01	8.080168e-01
3.152944663567178e-06	1.193690e+01	8.205943e-01
3.392944663567488e-06	1.193594e+01	8.331639e-01
3.632944663567797e-06	1.193498e+01	8.457256e-01
3.872944663568106e-06	1.193402e+01	8.582794e-01
4.112944663568416e-06	1.193306e+01	8.708253e-01
4.352944663568725e-06	1.193210e+01	8.833633e-01
4.592944663569035e-06	1.193114e+01	8.958934e-01
4.832944663569344e-06	1.193018e+01	9.084156e-01
5.072944663569653e-06	1.192922e+01	9.209299e-01
5.312944663569963e-06	1.192826e+01	9.334363e-01
5.552944663570272e-06	1.192730e+01	9.459348e-01
5.792944663570582e-06	1.192634e+01	9.584255e-01
6.032944663570891e-06	1.192539e+01	9.709083e-01
6.272944663571201e-06	1.192443e+01	9.833832e-01
6.512944663571510e-06	1.192347e+01	9.958503e-01
6.752944663571819e-06	1.192252e+01	1.008310e+00
6.992944663572129e-06	1.192156e+01	1.020761e+00
7.232944663572438e-06	1.192061e+01	1.033205e+00
7.712944663573057e-06	1.191870e+01	1.058068e+00
8.192944663573676e-06	1.191680e+01	1.082900e+00
8.672944663574295e-06	1.191489e+01	1.107701e+00
9.152944663574913e-06	1.191299e+01	1.132471e+00
9.392944663575223e-06	1.191204e+01	1.144844e+00
9.632944663575532e-06	1.191109e+01	1.157210e+00
9.760000000016630e-06	1.191059e+01	1.163754e+00
9.761000000016104e-06	1.191059e+01	1.163806e+00
9.763000000016786e-06	1.191058e+01	1.163909e+00
9.766468301792772e-06	1.191056e+01	1.164087e+00
9.769783071541388e-06	1.191055e+01	1.164258e+00
9.776412611036886e-06	1.191053e+01	1.164599e+00
9.789671690027882e-06	1.191047e+01	1.165282e+00
9.816189848011608e-06	1.191037e+01	1.166647e+00
9.869226163977327e-06	1.191016e+01	1.169377e+00
9.893927368083769e-06	1.191006e+01	1.170649e+00
9.943329776296653e-06	1.190987e+01	1.173192e+00
9.944329776296126e-06	1.190986e+01	1.173243e+00
9.946329776296808e-06	1.190985e+01	1.173346e+00
9.950329776296438e-06	1.190984e+01	1.173552e+00
9.955689421071306e-06	1.190982e+01	1.173828e+00
9.966408710621044e-06	1.190977e+01	1.174379e+00
9.978561420917464e-06	1.190973e+01	1.175005e+00
9.979561420916938e-06	1.190972e+01	1.175056e+00
9.981561420917620e-06	1.190971e+01	1.175159e+00
9.985561420917249e-06	1.190970e+01	1.175365e+00
9.991041387800298e-06	1.190968e+01	1.175647e+00
9.992041387799772e-06	1.190968e+01	1.175698e+00
9.994041387800454e-06	1.190967e+01	1.175801e+00
9.996000000017310e-06	1.190961e+01	1.175902e+00
9.996082775583226e-06	1.190963e+01	1.175906e+00
9.996248326715057e-06	1.190967e+01	1.175915e+00
9.996579428978719e-06	1.190966e+01	1.175932e+00
9.996914656794711e-06	1.190966e+01	1.175949e+00
9.997585112426696e-06	1.190965e+01	1.175984e+00
9.998568690633425e-06	1.190964e+01	1.176034e+00
9.999000000017466e-06	1.190966e+01	1.176056e+00
9.999137381248857e-06	1.190966e+01	1.176063e+00
9.999412143711639e-06	1.190971e+01	1.176077e+00
9.999450475091376e-06	1.190968e+01	1.176080e+00
9.999527137850850e-06	1.190963e+01	1.176083e+00
9.999680463369798e-06	1.190964e+01	1.176091e+00
9.999806207543552e-06	1.190964e+01	1.176098e+00
1.000000000001694e-05	1.190917e+01	1.176108e+00
1.000000238207850e-05	1.190938e+01	1.176108e+00
1.000000714619989e-05	1.190958e+01	1.176108e+00
1.000001667444267e-05	1.190964e+01	1.176109e+00
1.000003286294286e-05	1.190964e+01	1.176109e+00
1.000006523994498e-05	1.190964e+01	1.176111e+00
1.000012999394922e-05	1.190964e+01	1.176114e+00
1.000025950195597e-05	1.190964e+01	1.176121e+00
1.000042220934867e-05	1.190964e+01	1.176129e+00
1.000059467724974e-05	1.190964e+01	1.176138e+00
1.000075936353172e-05	1.190964e+01	1.176147e+00
1.000100000001641e-05	1.190963e+01	1.176159e+00
1.000102406366506e-05	1.190963e+01	1.176160e+00
1.000107219096234e-05	1.190963e+01	1.176163e+00
1.000116844555692e-05	1.190963e+01	1.176168e+00
1.000136095474433e-05	1.190963e+01	1.176178e+00
1.000172201535802e-05	1.190963e+01	1.176196e+00
1.000207508724572e-05	1.190963e+01	1.176215e+00
1.000256725352394e-05	1.190963e+01	1.176240e+00
1.000283928903091e-05	1.190963e+01	1.176254e+00
1.000299329713926e-05	1.190963e+01	1.176262e+00
1.000313719463387e-05	1.190963e+01	1.176269e+00
1.000328076482780e-05	1.190964e+01	1.176277e+00
1.000348642045401e-05	1.190964e+01	1.176287e+00
1.000387693244655e-05	1.190966e+01	1.176307e+00
1.000444256329253e-05	1.190970e+01	1.176336e+00
1.000505661242351e-05	1.190976e+01	1.176368e+00
1.000569624056910e-05	1.190981e+01	1.176401e+00
1.000637878325987e-05	1.190988e+01	1.176436e+00
1.000699821410156e-05	1.190993e+01	1.176468e+00
1.000747258931949e-05	1.190999e+01	1.176492e+00
1.000782855147681e-05	1.191007e+01	1.176511e+00
1.000823490281827e-05	1.191020e+01	1.176532e+00
1.000859649112791e-05	1.191035e+01	1.176550e+00
1.000899431195801e-05	1.191053e+01	1.176571e+00
1.000978995361820e-05	1.191087e+01	1.176612e+00
1.001094023807790e-05	1.191127e+01	1.176671e+00
1.001302835680964e-05	1.191177e+01	1.176778e+00
1.001505061190393e-05	1.191201e+01	1.176882e+00
1.001651750481662e-05	1.191206e+01	1.176958e+00
1.001773564210384e-05	1.191203e+01	1.177020e+00
1.001848988961725e-05	1.191199e+01	1.177059e+00
1.001894961135882e-05	1.191195e+01	1.177083e+00
1.001926281068294e-05	1.191191e+01	1.177099e+00
1.001959410628847e-05	1.191186e+01	1.177116e+00
1.001986970013830e-05	1.191182e+01	1.177130e+00
1.002021757287239e-05	1.191176e+01	1.177148e+00
1.002057207392416e-05	1.191170e+01	1.177166e+00
1.002080090215483e-05	1.191166e+01	1.177178e+00
1.002110681238427e-05	1.191160e+01	1.177194e+00
1.002127460361137e-05	1.191157e+01	1.177203e+00
1.002138576042082e-05	1.191154e+01	1.177208e+00
1.002154924358706e-05	1.191151e+01	1.177217e+00
1.002167372073613e-05	1.191149e+01	1.177223e+00
1.002183264086839e-05	1.191145e+01	1.177231e+00
1.002202171069416e-05	1.191141e+01	1.177241e+00
1.002219987546876e-05	1.191138e+01	1.177250e+00
1.002255620501796e-05	1.191130e+01	1.177269e+00
1.002304134010111e-05	1.191120e+01	1.177294e+00
1.002386586994135e-05	1.191103e+01	1.177336e+00
1.002472172837929e-05	1.191084e+01	1.177380e+00
1.002600715450594e-05	1.191056e+01	1.177446e+00
1.002728253040285e-05	1.191028e+01	1.177512e+00
1.002909545678478e-05	1.190987e+01	1.177605e+00
1.003099954941834e-05	1.190943e+01	1.177703e+00
1.003348140199943e-05	1.190884e+01	1.177831e+00
1.003653658507297e-05	1.190809e+01	1.177988e+00
1.004052576018648e-05	1.190707e+01	1.178193e+00
1.004658645699548e-05	1.190541e+01	1.178505e+00
1.005504514375866e-05	1.190279e+01	1.178940e+00
1.007196251728674e-05	1.189598e+01	1.179809e+00
1.010579726434119e-05	1.187533e+01	1.181546e+00
1.013718955446795e-05	1.184143e+01	1.183154e+00
1.016021641138919e-05	1.179352e+01	1.184330e+00
1.017625481705177e-05	1.172851e+01	1.185144e+00
1.018826610655992e-05	1.163448e+01	1.185750e+00
1.019810375401005e-05	1.148349e+01	1.186241e+00
1.020761292131606e-05	1.123231e+01	1.186706e+00
1.021751509373142e-05	1.088554e+01	1.187177e+00
1.022705352727443e-05	1.052679e+01	1.187616e+00
1.023714261823121e-05	1.014699e+01	1.188058e+00
1.025623665927393e-05	9.424196e+00	1.188845e+00
1.027982684904775e-05	8.488372e+00	1.189730e+00
1.030910540777454e-05	7.036144e+00	1.190681e+00
1.033569958300631e-05	5.049339e+00	1.191339e+00
1.036423933408609e-05	2.087660e+00	1.191710e+00
1.039514619129329e-05	-1.661757e+00	1.191627e+00
1.043041572824054e-05	-6.196455e+00	1.190965e+00
1.044918546442945e-05	-8.666344e+00	1.190348e+00
1.046039461957519e-05	-1.015697e+01	1.189858e+00
1.046697468251243e-05	-1.103516e+01	1.189531e+00
1.047089498537254e-05	-1.155909e+01	1.189322e+00
1.047328575937492e-05	-1.187860e+01	1.189189e+00
1.047477982606300e-05	-1.207773e+01	1.189103e+00
1.047572643844523e-05	-1.220153e+01	1.189049e+00
1.047633234395155e-05	-1.227602e+01	1.189013e+00
1.047681233916180e-05	-1.232808e+01	1.188985e+00
1.047734260606684e-05	-1.237630e+01	1.188954e+00
1.047789191808111e-05	-1.241682e+01	1.188922e+00
1.047860090778313e-05	-1.245817e+01	1.188880e+00
1.047954450456023e-05	-1.250009e+01	1.188824e+00
1.048122860098852e-05	-1.255407e+01	1.188723e+00
1.048360996954746e-05	-1.260633e+01	1.188580e+00
1.048653102435348e-05	-1.264742e+01	1.188405e+00
1.048928842006976e-05	-1.267094e+01	1.188239e+00
1.049274559630255e-05	-1.268870e+01	1.188030e+00
1.049750134171808e-05	-1.270416e+01	1.187742e+00
1.050701283254914e-05	-1.272277e+01	1.187167e+00
1.052603581420952e-05	-1.274434e+01	1.186014e+00
1.054470284959051e-05	-1.275656e+01	1.184882e+00
1.056643183211525e-05	-1.276480e+01	1.183563e+00
1.059049846532413e-05	-1.277064e+01	1.182101e+00
1.061560969337939e-05	-1.277468e+01	1.180576e+00
1.064292201018863e-05	-1.277781e+01	1.178916e+00
1.067348678743772e-05	-1.278062e+01	1.177059e+00
1.070901169125150e-05	-1.278345e+01	1.174900e+00
1.075138573312581e-05	-1.278658e+01	1.172324e+00
1.080407018225205e-05	-1.279031e+01	1.169121e+00
1.087245172917001e-05	-1.279505e+01	1.164963e+00
1.096562974240052e-05	-1.280143e+01	1.159295e+00
1.109834710981070e-05	-1.281040e+01	1.151220e+00
1.128582949430114e-05	-1.282287e+01	1.139808e+00
1.152582949430145e-05	-1.283853e+01	1.125192e+00
1.176582949430176e-05	-1.285385e+01	1.110567e+00
1.200582949430207e-05	-1.286879e+01	1.095933e+00
1.224582949430238e-05	-1.288337e+01	1.081292e+00
1.248582949430269e-05	-1.289758e+01	1.066642e+00
1.272582949430300e-05	-1.291142e+01	1.051986e+00
1.296582949430330e-05	-1.292489e+01	1.037322e+00
1.320582949430361e-05	-1.293799e+01	1.022652e+00
1.344582949430392e-05	-1.295072e+01	1.007976e+00
1.368582949430423e-05	-1.296309e+01	9.932945e-01
1.416582949430485e-05	-1.298670e+01	9.639157e-01
1.488582949430578e-05	-1.301935e+01	9.198152e-01
1.522868663716337e-05	-1.303372e+01	8.988011e-01
1.557154378002095e-05	-1.304733e+01	8.777846e-01
1.591440092287854e-05	-1.306018e+01	8.567657e-01
1.625725806573612e-05	-1.307227e+01	8.357443e-01
1.660011520859371e-05	-1.308360e+01	8.147205e-01
1.694297235145129e-05	-1.309417e+01	7.936943e-01
1.728582949430887e-05	-1.310397e+01	7.726656e-01
1.752582949430918e-05	-1.311041e+01	7.579485e-01
1.767766666668259e-05	-1.311433e+01	7.486380e-01
1.767866666668207e-05	-1.311436e+01	7.485768e-01
1.768066666668101e-05	-1.311441e+01	7.484541e-01
1.768466666667891e-05	-1.311451e+01	7.482088e-01
1.769266666667470e-05	-1.311470e+01	7.477183e-01
1.770866666666628e-05	-1.311510e+01	7.467373e-01
1.774066666664943e-05	-1.311588e+01	7.447752e-01
1.780466666661575e-05	-1.311744e+01	7.408512e-01
1.780566666661522e-05	-1.311747e+01	7.407899e-01
1.780766666661417e-05	-1.311752e+01	7.406673e-01
1.781166666661206e-05	-1.311761e+01	7.404220e-01
1.781966666660785e-05	-1.311780e+01	7.399315e-01
1.783566666659943e-05	-1.311819e+01	7.389506e-01
1.786766666658259e-05	-1.311895e+01	7.369886e-01
1.786866666658206e-05	-1.311897e+01	7.369273e-01
1.787066666658101e-05	-1.311902e+01	7.368047e-01
1.787466666657890e-05	-1.311911e+01	7.365595e-01
1.788266666657469e-05	-1.311930e+01	7.360690e-01
1.789866666656627e-05	-1.311968e+01	7.350881e-01
1.789966666656574e-05	-1.311970e+01	7.350267e-01
1.790166666656469e-05	-1.311975e+01	7.349041e-01
1.790566666656258e-05	-1.311984e+01	7.346589e-01
1.790966666668711e-05	-1.311994e+01	7.344136e-01
1.791066666668659e-05	-1.311996e+01	7.343524e-01
1.791266666668553e-05	-1.312001e+01	7.342297e-01
1.791366666668501e-05	-1.312003e+01	7.341684e-01
1.791566666668395e-05	-1.312008e+01	7.340458e-01
1.791666666668343e-05	-1.312010e+01	7.339845e-01
1.791766666668290e-05	-1.312012e+01	7.339232e-01
1.791776666668250e-05	-1.312012e+01	7.339171e-01
1.791796666668170e-05	-1.312013e+01	7.339048e-01
1.791826666668224e-05	-1.312014e+01	7.338864e-01
1.791866666668238e-05	-1.312015e+01	7.338619e-01
1.791870666668222e-05	-1.312015e+01	7.338594e-01
1.791878666668190e-05	-1.312015e+01	7.338545e-01
1.791894666668126e-05	-1.312015e+01	7.338447e-01
1.791926666668171e-05	-1.312016e+01	7.338251e-01
1.791990666668263e-05	-1.312017e+01	7.337858e-01
1.792109994462610e-05	-1.312020e+01	7.337127e-01
1.792348650051130e-05	-1.312026e+01	7.335663e-01
1.792717714195480e-05	-1.312035e+01	7.333401e-01
1.793072866293835e-05	-1.312043e+01	7.331223e-01
1.793462535694575e-05	-1.312053e+01	7.328835e-01
1.793838177677372e-05	-1.312062e+01	7.326531e-01
1.794122480430586e-05	-1.312069e+01	7.324789e-01
1.794300562993519e-05	-1.312074e+01	7.323697e-01
1.794471291268612e-05	-1.312080e+01	7.322650e-01
1.794562051136116e-05	-1.312082e+01	7.322094e-01
1.794671613388095e-05	-1.312086e+01	7.321422e-01
1.794844223420265e-05	-1.312092e+01	7.320364e-01
1.795025639804958e-05	-1.312098e+01	7.319252e-01
1.795224961666751e-05	-1.312105e+01	7.318029e-01
1.795347742350288e-05	-1.312113e+01	7.317277e-01
1.795496004091193e-05	-1.312125e+01	7.316368e-01
1.795639349068054e-05	-1.312140e+01	7.315489e-01
1.795781735689818e-05	-1.312154e+01	7.314616e-01
1.796028969172983e-05	-1.312180e+01	7.313100e-01
1.796441566843249e-05	-1.312224e+01	7.310570e-01
1.796864885754423e-05	-1.312269e+01	7.307975e-01
1.797711523576946e-05	-1.312359e+01	7.302784e-01
1.798499272246366e-05	-1.312309e+01	7.297954e-01
1.798848814324461e-05	-1.311260e+01	7.295811e-01
1.799105388081840e-05	-1.308263e+01	7.294241e-01
1.799318437865384e-05	-1.303182e+01	7.292941e-01
1.799587096222750e-05	-1.293057e+01	7.291312e-01
1.799885398505452e-05	-1.275336e+01	7.289517e-01
1.799976537376034e-05	-1.212287e+01	7.288978e-01
1.800010285066787e-05	-1.113560e+01	7.288786e-01
1.800017228464727e-05	-1.083517e+01	7.288749e-01
1.800021650102263e-05	-1.069011e+01	7.288727e-01
1.800027315628644e-05	-1.057222e+01	7.288698e-01
1.800033837517402e-05	-1.047748e+01	7.288666e-01
1.800041231264649e-05	-1.040402e+01	7.288629e-01
1.800053065432669e-05	-1.032300e+01	7.288572e-01
1.800065524346604e-05	-1.026192e+01	7.288511e-01
1.800090442174648e-05	-1.016750e+01	7.288392e-01
1.800113693455584e-05	-1.008913e+01	7.288281e-01
1.800160196017628e-05	-9.939344e+00	7.288063e-01
1.800217695921424e-05	-9.754368e+00	7.287797e-01
1.800332695729191e-05	-9.382484e+00	7.287283e-01
1.800515577836739e-05	-8.785597e+00	7.286514e-01
1.800871267128648e-05	-7.609831e+00	7.285182e-01
1.801448485882866e-05	-5.676445e+00	7.283431e-01
1.802201107285739e-05	-3.133863e+00	7.281829e-01
1.802880289991649e-05	-8.434677e-01	7.281072e-01
1.803514586396805e-05	1.252335e+00	7.281037e-01
1.804246225490386e-05	3.546993e+00	7.281723e-01
1.804911514783313e-05	5.380314e+00	7.282957e-01
1.805626050884607e-05	6.903864e+00	7.284842e-01
1.806333343637272e-05	7.972940e+00	7.287127e-01
1.807155336672889e-05	8.936338e+00	7.290162e-01
1.807967267789326e-05	9.815609e+00	7.293485e-01
1.808766592165112e-05	1.066948e+01	7.297050e-01
1.809339424741797e-05	1.126635e+01	7.299777e-01
1.809636636834235e-05	1.153370e+01	7.301255e-01
1.809812263347740e-05	1.163957e+01	7.302150e-01
1.810049926156097e-05	1.172348e+01	7.303372e-01
1.810204269185427e-05	1.175939e+01	7.304170e-01
1.810419468791825e-05	1.179267e+01	7.305287e-01
1.810689866225089e-05	1.182201e+01	7.306693e-01
1.810968643307584e-05	1.184273e+01	7.308146e-01
1.811386796996516e-05	1.186332e+01	7.310330e-01
1.811955120664330e-05	1.188153e+01	7.313303e-01
1.812716260434465e-05	1.189661e+01	7.317290e-01
1.813764917804606e-05	1.190996e+01	7.322789e-01
1.814239008757039e-05	1.191425e+01	7.325277e-01
1.814557052194979e-05	1.191648e+01	7.326946e-01
1.814833932453457e-05	1.191819e+01	7.328400e-01
1.815121741833604e-05	1.191977e+01	7.329911e-01
1.815431229614667e-05	1.192131e+01	7.331536e-01
1.815725474073326e-05	1.192264e+01	7.333082e-01
1.816065476471090e-05	1.192402e+01	7.334868e-01
1.816422841419661e-05	1.192532e+01	7.336745e-01
1.816854790886308e-05	1.192672e+01	7.339014e-01
1.817305451154438e-05	1.192799e+01	7.341383e-01
1.817996370970937e-05	1.192968e+01	7.345013e-01
1.818602330135033e-05	1.193096e+01	7.348198e-01
1.819290229575221e-05	1.193219e+01	7.351814e-01
1.819969206367199e-05	1.193324e+01	7.355382e-01
1.820721477354022e-05	1.193423e+01	7.359337e-01
1.821659587031288e-05	1.193528e+01	7.364269e-01
1.822760817046104e-05	1.193630e+01	7.370059e-01
1.824197532357408e-05	1.193738e+01	7.377613e-01
1.825778383203816e-05	1.193834e+01	7.385926e-01
1.826778485599680e-05	1.193885e+01	7.391185e-01
1.827441928368111e-05	1.193914e+01	7.394673e-01
1.828092609503125e-05	1.193940e+01	7.398095e-01
1.828685784615279e-05	1.193961e+01	7.401214e-01
1.829118284727739e-05	1.193976e+01	7.403488e-01
1.829595872613991e-05	1.193990e+01	7.406000e-01
1.830171812828088e-05	1.194006e+01	7.409028e-01
1.830724292095805e-05	1.194019e+01	7.411934e-01
1.831485921617582e-05	1.194036e+01	7.415939e-01
1.832243166538169e-05	1.194051e+01	7.419921e-01
1.833064887482409e-05	1.194065e+01	7.424242e-01
1.833883998490944e-05	1.194077e+01	7.428549e-01
1.834753475421155e-05	1.194089e+01	7.433121e-01
1.835721756636780e-05	1.194100e+01	7.438213e-01
1.836768415598017e-05	1.194111e+01	7.443717e-01
1.838212251327291e-05	1.194123e+01	7.451308e-01
1.839629959988522e-05	1.194133e+01	7.458763e-01
1.842072763695753e-05	1.194146e+01	7.471607e-01
1.844821101150591e-05	1.194154e+01	7.486056e-01
1.850233463536466e-05	1.194159e+01	7.514510e-01
1.857536823681935e-05	1.194153e+01	7.552898e-01
1.868664763710927e-05	1.194127e+01	7.611376e-01
1.879836963639483e-05	1.194090e+01	7.670071e-01
1.895976134905566e-05	1.194031e+01	7.754830e-01
1.911897450288316e-05	1.193969e+01	7.838409e-01
1.933662026167363e-05	1.193883e+01	7.952604e-01
1.957662026167394e-05	1.193787e+01	8.078458e-01
1.981662026167424e-05	1.193692e+01	8.204235e-01
2.005662026167455e-05	1.193596e+01	8.329932e-01
2.029662026167486e-05	1.193499e+01	8.455550e-01
2.053662026167517e-05	1.193403e+01	8.581089e-01
2.077662026167548e-05	1.193307e+01	8.706549e-01
2.101662026167579e-05	1.193211e+01	8.831930e-01
2.125662026167610e-05	1.193115e+01	8.957232e-01
2.149662026167641e-05	1.193019e+01	9.082455e-01
2.173662026167672e-05	1.192923e+01	9.207599e-01
2.197662026167703e-05	1.192827e+01	9.332665e-01
2.221662026167734e-05	1.192732e+01	9.457651e-01
2.245662026167765e-05	1.192636e+01	9.582559e-01
2.269662026167796e-05	1.192540e+01	9.707388e-01
2.293662026167827e-05	1.192444e+01	9.832138e-01
2.317662026167858e-05	1.192349e+01	9.956810e-01
2.341662026167889e-05	1.192253e+01	1.008140e+00
2.365662026167920e-05	1.192158e+01	1.020592e+00
2.389662026167950e-05	1.192062e+01	1.033036e+00
2.437662026168012e-05	1.191871e+01	1.057899e+00
2.485662026168074e-05	1.191681e+01	1.082732e+00
2.533662026168136e-05	1.191490e+01	1.107533e+00
2.581662026168198e-05	1.191300e+01	1.132303e+00
2.605662026168229e-05	1.191205e+01	1.144676e+00
2.629662026168260e-05	1.191111e+01	1.157042e+00
2.642666666668320e-05	1.191059e+01	1.163741e+00
2.642766666668267e-05	1.191059e+01	1.163792e+00
2.642966666668162e-05	1.191058e+01	1.163895e+00
2.643315554529992e-05	1.191057e+01	1.164075e+00
2.643649573481205e-05	1.191055e+01	1.164247e+00
2.644317611383458e-05	1.191053e+01	1.164590e+00
2.645653687188138e-05	1.191047e+01	1.165278e+00
2.648325838797323e-05	1.191037e+01	1.166654e+00
2.653670142015868e-05	1.191016e+01	1.169405e+00
2.655978060231434e-05	1.191007e+01	1.170593e+00
2.660593896662566e-05	1.190989e+01	1.172969e+00
2.660693896662514e-05	1.190988e+01	1.173020e+00
2.660893896662408e-05	1.190987e+01	1.173123e+00
2.661293896662198e-05	1.190986e+01	1.173329e+00
2.661829682677926e-05	1.190983e+01	1.173605e+00
2.662901254709381e-05	1.190979e+01	1.174156e+00
2.664523522605440e-05	1.190973e+01	1.174991e+00
2.664623522605387e-05	1.190973e+01	1.175043e+00
2.664823522605282e-05	1.190972e+01	1.175146e+00
2.665223522605072e-05	1.190970e+01	1.175351e+00
2.665771299484830e-05	1.190968e+01	1.175633e+00
2.665871299484777e-05	1.190968e+01	1.175685e+00
2.666071299484672e-05	1.190967e+01	1.175788e+00
2.666266666668561e-05	1.190962e+01	1.175888e+00
2.666275932300573e-05	1.190964e+01	1.175893e+00
2.666294463564596e-05	1.190967e+01	1.175902e+00
2.666331526092643e-05	1.190966e+01	1.175921e+00
2.666368892649366e-05	1.190966e+01	1.175941e+00
2.666443625762641e-05	1.190965e+01	1.175979e+00
2.666552511281298e-05	1.190963e+01	1.176035e+00
2.666566666668403e-05	1.190964e+01	1.176042e+00
2.666594977442614e-05	1.190964e+01	1.176057e+00
2.666610045119928e-05	1.190964e+01	1.176065e+00
2.666636531313722e-05	1.190965e+01	1.176078e+00
2.666666666668351e-05	1.191035e+01	1.176094e+00
2.666666817523027e-05	1.191009e+01	1.176094e+00
2.666667119232205e-05	1.190980e+01	1.176094e+00
2.666667722650735e-05	1.190966e+01	1.176094e+00
2.666668929487796e-05	1.190964e+01	1.176095e+00
2.666671343161744e-05	1.190964e+01	1.176096e+00
2.666676170509814e-05	1.190964e+01	1.176099e+00
2.666685825205781e-05	1.190964e+01	1.176104e+00
2.666700283663823e-05	1.190964e+01	1.176111e+00
2.666716598929628e-05	1.190964e+01	1.176120e+00
2.666737350058915e-05	1.190964e+01	1.176130e+00
2.666740573396657e-05	1.190964e+01	1.176132e+00
2.666747020072142e-05	1.190964e+01	1.176135e+00
2.666753773317501e-05	1.190964e+01	1.176139e+00
2.666766666668298e-05	1.190964e+01	1.176145e+00
2.666767956003430e-05	1.190964e+01	1.176146e+00
2.666770534673693e-05	1.190964e+01	1.176147e+00
2.666775692014046e-05	1.190963e+01	1.176150e+00
2.666786006694753e-05	1.190963e+01	1.176155e+00
2.666806636056340e-05	1.190963e+01	1.176166e+00
2.666844945786555e-05	1.190963e+01	1.176186e+00
2.666880430057805e-05	1.190963e+01	1.176204e+00
2.666932605374303e-05	1.190963e+01	1.176231e+00
2.666953860731500e-05	1.190963e+01	1.176242e+00
2.666968839895416e-05	1.190963e+01	1.176249e+00
2.666983983661865e-05	1.190963e+01	1.176257e+00
2.666998530400852e-05	1.190964e+01	1.176265e+00
2.667022999982074e-05	1.190965e+01	1.176277e+00
2.667061623928130e-05	1.190967e+01	1.176297e+00
2.667116729381143e-05	1.190971e+01	1.176325e+00
2.667176105292449e-05	1.190976e+01	1.176356e+00
2.667238034395787e-05	1.190982e+01	1.176388e+00
2.667306507338728e-05	1.190988e+01	1.176423e+00
2.667368593285181e-05	1.190994e+01	1.176455e+00
2.667415006828329e-05	1.190999e+01	1.176479e+00
2.667450751679158e-05	1.191007e+01	1.176497e+00
2.667491137326762e-05	1.191021e+01	1.176518e+00
2.667527902893742e-05	1.191036e+01	1.176537e+00
2.667567918875069e-05	1.191054e+01	1.176558e+00
2.667647950837723e-05	1.191088e+01	1.176599e+00
2.667758798950703e-05	1.191127e+01	1.176656e+00
2.667972239802675e-05	1.191177e+01	1.176766e+00
2.668173301457501e-05	1.191202e+01	1.176869e+00
2.668319866851870e-05	1.191206e+01	1.176945e+00
2.668441191447032e-05	1.191203e+01	1.177007e+00
2.668516143369999e-05	1.191199e+01	1.177046e+00
2.668561852524516e-05	1.191195e+01	1.177069e+00
2.668593114478826e-05	1.191191e+01	1.177085e+00
2.668626211751665e-05	1.191186e+01	1.177102e+00
2.668654066382420e-05	1.191182e+01	1.177117e+00
2.668688783884036e-05	1.191176e+01	1.177135e+00
2.668724297042770e-05	1.191170e+01	1.177153e+00
2.668747050320330e-05	1.191166e+01	1.177164e+00
2.668777352183432e-05	1.191160e+01	1.177180e+00
2.668794176950359e-05	1.191157e+01	1.177189e+00
2.668805221196953e-05	1.191155e+01	1.177194e+00
2.668821464054186e-05	1.191151e+01	1.177203e+00
2.668833941803748e-05	1.191149e+01	1.177209e+00
2.668849564199487e-05	1.191145e+01	1.177217e+00
2.668868372209324e-05	1.191142e+01	1.177227e+00
2.668886107647095e-05	1.191138e+01	1.177236e+00
2.668921578522637e-05	1.191131e+01	1.177254e+00
2.668968499756202e-05	1.191121e+01	1.177278e+00
2.669052440739186e-05	1.191103e+01	1.177322e+00
2.669136532010979e-05	1.191085e+01	1.177365e+00
2.669266633763094e-05	1.191056e+01	1.177432e+00
2.669392113434366e-05	1.191029e+01	1.177496e+00
2.669575401681445e-05	1.190987e+01	1.177591e+00
2.669763341996666e-05	1.190944e+01	1.177687e+00
2.670013456781452e-05	1.190885e+01	1.177816e+00
2.670315669675224e-05	1.190811e+01	1.177972e+00
2.670716111840589e-05	1.190708e+01	1.178178e+00
2.671316864475727e-05	1.190543e+01	1.178487e+00
2.672161359562435e-05	1.190282e+01	1.178921e+00
2.673850349735850e-05	1.189604e+01	1.179789e+00
2.677228330082854e-05	1.187548e+01	1.181523e+00
2.680367422837338e-05	1.184171e+01	1.183131e+00
2.682674835850947e-05	1.179392e+01	1.184309e+00
2.684282065226924e-05	1.172908e+01	1.185125e+00
2.685485429376570e-05	1.163533e+01	1.185733e+00
2.686470247701550e-05	1.148498e+01	1.186224e+00
2.687419623723444e-05	1.123509e+01	1.186688e+00
2.688411221053559e-05	1.088817e+01	1.187160e+00
2.689354664643304e-05	1.053334e+01	1.187594e+00
2.690358584099203e-05	1.015544e+01	1.188035e+00
2.692217916209182e-05	9.451927e+00	1.188803e+00
2.694538082995482e-05	8.534637e+00	1.189676e+00
2.697527791228546e-05	7.070079e+00	1.190653e+00
2.700182388446978e-05	5.110568e+00	1.191315e+00
2.703052358641808e-05	2.150176e+00	1.191698e+00
2.706095959752880e-05	-1.532545e+00	1.191632e+00
2.709588873076908e-05	-6.017981e+00	1.191000e+00
2.711446267557836e-05	-8.459974e+00	1.190404e+00
2.712556909270115e-05	-9.936026e+00	1.189930e+00
2.713212548676076e-05	-1.081070e+01	1.189610e+00
2.713620003658331e-05	-1.135514e+01	1.189396e+00
2.713898900125883e-05	-1.172792e+01	1.189243e+00
2.714076324009974e-05	-1.196498e+01	1.189143e+00
2.714193314290979e-05	-1.212046e+01	1.189076e+00
2.714269207304380e-05	-1.221890e+01	1.189032e+00
2.714319636927878e-05	-1.228008e+01	1.189003e+00
2.714365924318986e-05	-1.232957e+01	1.188975e+00
2.714421647095032e-05	-1.237972e+01	1.188943e+00
2.714475794579445e-05	-1.241915e+01	1.188911e+00
2.714549368002840e-05	-1.246132e+01	1.188867e+00
2.714644956636030e-05	-1.250290e+01	1.188810e+00
2.714824110733489e-05	-1.255891e+01	1.188703e+00
2.715057755551566e-05	-1.260897e+01	1.188563e+00
2.715348892717503e-05	-1.264878e+01	1.188388e+00
2.715624648768310e-05	-1.267174e+01	1.188222e+00
2.715977097306026e-05	-1.268946e+01	1.188009e+00
2.716462965690093e-05	-1.270494e+01	1.187716e+00
2.717434702458055e-05	-1.272353e+01	1.187127e+00
2.719378175994151e-05	-1.274507e+01	1.185950e+00
2.721230551878603e-05	-1.275692e+01	1.184826e+00
2.723430351008783e-05	-1.276508e+01	1.183491e+00
2.725816300906507e-05	-1.277077e+01	1.182042e+00
2.728356634091808e-05	-1.277480e+01	1.180498e+00
2.731078349555230e-05	-1.277790e+01	1.178845e+00
2.734173028563942e-05	-1.278072e+01	1.176964e+00
2.737724224978824e-05	-1.278355e+01	1.174806e+00
2.742023331940568e-05	-1.278671e+01	1.172192e+00
2.747302970591663e-05	-1.279045e+01	1.168983e+00
2.754279248269424e-05	-1.279528e+01	1.164740e+00
2.763633164284962e-05	-1.280168e+01	1.159051e+00
2.777167666158029e-05	-1.281082e+01	1.150816e+00
2.796041052425743e-05	-1.282337e+01	1.139328e+00
2.820041052425774e-05	-1.283902e+01	1.124711e+00
2.844041052425805e-05	-1.285432e+01	1.110085e+00
2.868041052425836e-05	-1.286925e+01	1.095452e+00
2.892041052425867e-05	-1.288382e+01	1.080810e+00
2.916041052425898e-05	-1.289802e+01	1.066160e+00
2.940041052425929e-05	-1.291184e+01	1.051503e+00
2.964041052425960e-05	-1.292530e+01	1.036840e+00
2.988041052425991e-05	-1.293839e+01	1.022170e+00
3.012041052426022e-05	-1.295111e+01	1.007493e+00
3.060041052426084e-05	-1.297545e+01	9.781245e-01
3.132041052426177e-05	-1.300917e+01	9.340358e-01
3.173183909569087e-05	-1.302694e+01	9.088218e-01
3.214326766711997e-05	-1.304361e+01	8.836044e-01
3.255469623854907e-05	-1.305919e+01	8.583834e-01
3.296612480997817e-05	-1.307368e+01	8.331590e-01
3.337755338140728e-05	-1.308708e+01	8.079311e-01
3.378898195283638e-05	-1.309939e+01	7.826998e-01
3.420041052426548e-05	-1.311060e+01	7.574649e-01
3.434433333335089e-05	-1.311431e+01	7.486399e-01
3.434533333335037e-05	-1.311433e+01	7.485785e-01
3.434733333334931e-05	-1.311438e+01	7.484559e-01
3.435133333334721e-05	-1.311448e+01	7.482107e-01
3.435933333334300e-05	-1.311468e+01	7.477201e-01
3.437533333333458e-05	-1.311508e+01	7.467391e-01
3.440733333331773e-05	-1.311586e+01	7.447770e-01
3.447133333328405e-05	-1.311742e+01	7.408530e-01
3.447233333328352e-05	-1.311744e+01	7.407917e-01
3.447433333328247e-05	-1.311749e+01	7.406691e-01
3.447833333328036e-05	-1.311759e+01	7.404239e-01
3.448633333327615e-05	-1.311778e+01	7.399334e-01
3.450233333326773e-05	-1.311816e+01	7.389524e-01
3.453433333325089e-05	-1.311893e+01	7.369905e-01
3.453533333325036e-05	-1.311895e+01	7.369291e-01
3.453733333324931e-05	-1.311900e+01	7.368065e-01
3.454133333324720e-05	-1.311909e+01	7.365613e-01
3.454933333324299e-05	-1.311928e+01	7.360708e-01
3.456533333323457e-05	-1.311966e+01	7.350899e-01
3.456633333323404e-05	-1.311968e+01	7.350286e-01
3.456833333323299e-05	-1.311973e+01	7.349060e-01
3.457233333323088e-05	-1.311982e+01	7.346607e-01
3.457633333335541e-05	-1.311991e+01	7.344155e-01
3.457733333335489e-05	-1.311994e+01	7.343541e-01
3.457933333335383e-05	-1.311998e+01	7.342315e-01
3.458033333335331e-05	-1.312001e+01	7.341703e-01
3.458233333335226e-05	-1.312005e+01	7.340477e-01
3.458333333335173e-05	-1.312008e+01	7.339863e-01
3.458433333335120e-05	-1.312010e+01	7.339250e-01
3.458443333335080e-05	-1.312010e+01	7.339189e-01
3.458463333335000e-05	-1.312011e+01	7.339066e-01
3.458493333335054e-05	-1.312011e+01	7.338882e-01
3.458533333335068e-05	-1.312012e+01	7.338637e-01
3.458537333335052e-05	-1.312012e+01	7.338613e-01
3.458545333335020e-05	-1.312012e+01	7.338563e-01
3.458561333334956e-05	-1.312013e+01	7.338465e-01
3.458593333335001e-05	-1.312014e+01	7.338269e-01
3.458657333335093e-05	-1.312015e+01	7.337877e-01
3.458776642923343e-05	-1.312018e+01	7.337145e-01
3.459015262099845e-05	-1.312024e+01	7.335683e-01
3.459384336753496e-05	-1.312033e+01	7.333420e-01
3.459739494258290e-05	-1.312041e+01	7.331243e-01
3.460129167757314e-05	-1.312050e+01	7.328853e-01
3.460504800658487e-05	-1.312060e+01	7.326550e-01
3.460789131495313e-05	-1.312067e+01	7.324807e-01
3.460967214432946e-05	-1.312072e+01	7.323716e-01
3.461137940423409e-05	-1.312077e+01	7.322669e-01
3.461228702437112e-05	-1.312080e+01	7.322112e-01
3.461338265606934e-05	-1.312084e+01	7.321441e-01
3.461510867571599e-05	-1.312089e+01	7.320383e-01
3.461692284112590e-05	-1.312095e+01	7.319270e-01
3.461891624329839e-05	-1.312103e+01	7.318048e-01
3.462014408211860e-05	-1.312110e+01	7.317295e-01
3.462162673645471e-05	-1.312123e+01	7.316386e-01
3.462306022253975e-05	-1.312137e+01	7.315508e-01
3.462448409038803e-05	-1.312152e+01	7.314634e-01
3.462695646853572e-05	-1.312178e+01	7.313119e-01
3.463108246965288e-05	-1.312221e+01	7.310589e-01
3.463531569620863e-05	-1.312267e+01	7.307994e-01
3.464378214931840e-05	-1.312357e+01	7.302802e-01
3.465165967169587e-05	-1.312307e+01	7.297972e-01
3.465515511569088e-05	-1.311258e+01	7.295830e-01
3.465772077732368e-05	-1.308260e+01	7.294260e-01
3.465985128163138e-05	-1.303179e+01	7.292960e-01
3.466253795192387e-05	-1.293053e+01	7.291331e-01
3.466552098629894e-05	-1.275328e+01	7.289535e-01
3.466643234014376e-05	-1.212211e+01	7.288995e-01
3.466676966097822e-05	-1.113445e+01	7.288804e-01
3.466683915962811e-05	-1.083395e+01	7.288767e-01
3.466688334557641e-05	-1.068933e+01	7.288744e-01
3.466693996455675e-05	-1.057170e+01	7.288716e-01
3.466700482569231e-05	-1.047753e+01	7.288684e-01
3.466707837648277e-05	-1.040438e+01	7.288648e-01
3.466719582012785e-05	-1.032375e+01	7.288591e-01
3.466731947569107e-05	-1.026292e+01	7.288531e-01
3.466756678681751e-05	-1.016896e+01	7.288412e-01
3.466779725038067e-05	-1.009118e+01	7.288303e-01
3.466825817750874e-05	-9.942677e+00	7.288086e-01
3.466882530021864e-05	-9.760246e+00	7.287824e-01
3.466995954564019e-05	-9.393526e+00	7.287317e-01
3.467175184224992e-05	-8.808754e+00	7.286561e-01
3.467522144923359e-05	-7.662357e+00	7.285255e-01
3.468088024840936e-05	-5.767632e+00	7.283521e-01
3.468841465306682e-05	-3.222418e+00	7.281892e-01
3.469528592555879e-05	-9.045944e-01	7.281106e-01
3.470177020953834e-05	1.242410e+00	7.281042e-01
3.470838090740072e-05	3.324300e+00	7.281630e-01
3.471536516500180e-05	5.277112e+00	7.282886e-01
3.472224276088003e-05	6.780195e+00	7.284662e-01
3.472960947363893e-05	7.919571e+00	7.287013e-01
3.473738565346225e-05	8.845169e+00	7.289850e-01
3.474498090818949e-05	9.670146e+00	7.292922e-01
3.475295443702321e-05	1.052181e+01	7.296455e-01
3.476127608969572e-05	1.136825e+01	7.300413e-01
3.476447956483886e-05	1.161354e+01	7.302014e-01
3.476673842133481e-05	1.171099e+01	7.303171e-01
3.476856486922530e-05	1.175601e+01	7.304115e-01
3.477063714299629e-05	1.178985e+01	7.305189e-01
3.477314753289745e-05	1.181856e+01	7.306495e-01
3.477552388935629e-05	1.183749e+01	7.307733e-01
3.477959349724308e-05	1.185976e+01	7.309858e-01
3.478351793094990e-05	1.187423e+01	7.311910e-01
3.479136679836355e-05	1.189239e+01	7.316020e-01
3.479985284366230e-05	1.190533e+01	7.320468e-01
3.480612443127092e-05	1.191188e+01	7.323758e-01
3.480974894120442e-05	1.191479e+01	7.325660e-01
3.481229658442928e-05	1.191653e+01	7.326998e-01
3.481504227150108e-05	1.191821e+01	7.328439e-01
3.481780580888612e-05	1.191973e+01	7.329890e-01
3.482075094054897e-05	1.192121e+01	7.331436e-01
3.482363625846585e-05	1.192251e+01	7.332952e-01
3.482709061353693e-05	1.192393e+01	7.334766e-01
3.483048731259958e-05	1.192518e+01	7.336551e-01
3.483502850929777e-05	1.192666e+01	7.338936e-01
3.483924988055553e-05	1.192787e+01	7.341155e-01
3.484649211407849e-05	1.192964e+01	7.344961e-01
3.485320568040462e-05	1.193105e+01	7.348489e-01
3.485999591724617e-05	1.193226e+01	7.352058e-01
3.486730431259688e-05	1.193337e+01	7.355900e-01
3.487553458982051e-05	1.193443e+01	7.360226e-01
3.488600079155219e-05	1.193555e+01	7.365729e-01
3.489874819622221e-05	1.193665e+01	7.372431e-01
3.491501564178642e-05	1.193778e+01	7.380984e-01
3.493254461637771e-05	1.193875e+01	7.390202e-01
3.493954975702929e-05	1.193908e+01	7.393885e-01
3.494525576727692e-05	1.193931e+01	7.396886e-01
3.495184023293192e-05	1.193955e+01	7.400348e-01
3.495589005440315e-05	1.193969e+01	7.402478e-01
3.496065348013860e-05	1.193984e+01	7.404982e-01
3.496510569369476e-05	1.193997e+01	7.407324e-01
3.497040775708379e-05	1.194011e+01	7.410112e-01
3.497681682824820e-05	1.194026e+01	7.413482e-01
3.498274007864705e-05	1.194039e+01	7.416597e-01
3.499075541666882e-05	1.194054e+01	7.420812e-01
3.499816445796076e-05	1.194066e+01	7.424708e-01
3.500671503754021e-05	1.194079e+01	7.429205e-01
3.501529295989181e-05	1.194090e+01	7.433715e-01
3.502475386962106e-05	1.194101e+01	7.438690e-01
3.503623766513281e-05	1.194113e+01	7.444729e-01
3.504741616511785e-05	1.194122e+01	7.450606e-01
3.506690709144909e-05	1.194135e+01	7.460855e-01
3.508587841913498e-05	1.194145e+01	7.470829e-01
3.512382107450848e-05	1.194156e+01	7.490778e-01
3.516744995252057e-05	1.194160e+01	7.513714e-01
3.525470770854473e-05	1.194151e+01	7.559578e-01
3.535078927171219e-05	1.194127e+01	7.610069e-01
3.548499759691362e-05	1.194083e+01	7.680575e-01
3.562170096352811e-05	1.194033e+01	7.752367e-01
3.581010274888649e-05	1.193959e+01	7.851266e-01
3.600701137727522e-05	1.193881e+01	7.954580e-01
3.624701137727553e-05	1.193786e+01	8.080431e-01
3.648701137727584e-05	1.193690e+01	8.206206e-01
3.672701137727614e-05	1.193594e+01	8.331902e-01
3.696701137727645e-05	1.193498e+01	8.457519e-01
3.720701137727676e-05	1.193402e+01	8.583056e-01
3.744701137727707e-05	1.193306e+01	8.708515e-01
3.768701137727738e-05	1.193210e+01	8.833895e-01
3.792701137727769e-05	1.193114e+01	8.959196e-01
3.816701137727800e-05	1.193018e+01	9.084417e-01
3.840701137727831e-05	1.192922e+01	9.209560e-01
3.864701137727862e-05	1.192826e+01	9.334624e-01
3.888701137727893e-05	1.192730e+01	9.459610e-01
3.912701137727924e-05	1.192634e+01	9.584516e-01
3.936701137727955e-05	1.192539e+01	9.709344e-01
3.960701137727986e-05	1.192443e+01	9.834093e-01
3.984701137728017e-05	1.192347e+01	9.958764e-01
4.008701137728048e-05	1.192252e+01	1.008336e+00
4.032701137728079e-05	1.192156e+01	1.020787e+00
4.056701137728110e-05	1.192061e+01	1.033231e+00
4.104701137728171e-05	1.191870e+01	1.058094e+00
4.152701137728233e-05	1.191679e+01	1.082926e+00
4.200701137728295e-05	1.191489e+01	1.107727e+00
4.248701137728357e-05	1.191299e+01	1.132497e+00
4.272701137728388e-05	1.191204e+01	1.144870e+00
4.296701137728419e-05	1.191109e+01	1.157236e+00
4.309333333335150e-05	1.191059e+01	1.163742e+00
4.309433333335097e-05	1.191059e+01	1.163794e+00
4.309633333335165e-05	1.191058e+01	1.163897e+00
4.309872428166946e-05	1.191057e+01	1.164020e+00
4.310102498923316e-05	1.191056e+01	1.164138e+00
4.310562640435882e-05	1.191054e+01	1.164375e+00
4.311208904046217e-05	1.191052e+01	1.164708e+00
4.312345215006473e-05	1.191047e+01	1.165293e+00
4.314617836926986e-05	1.191038e+01	1.166463e+00
4.319163080768185e-05	1.191020e+01	1.168803e+00
4.324242845652956e-05	1.191001e+01	1.171418e+00
4.324342845652904e-05	1.191000e+01	1.171469e+00
4.324542845652972e-05	1.190999e+01	1.171572e+00
4.324942845652935e-05	1.190997e+01	1.171778e+00
4.325312930796715e-05	1.190996e+01	1.171968e+00
4.326053101084103e-05	1.190993e+01	1.172349e+00
4.327390571518160e-05	1.190988e+01	1.173038e+00
4.329935338905425e-05	1.190977e+01	1.174347e+00
4.330035338905372e-05	1.190977e+01	1.174399e+00
4.330235338905440e-05	1.190977e+01	1.174502e+00
4.330635338905403e-05	1.190975e+01	1.174708e+00
4.331005174981403e-05	1.190974e+01	1.174898e+00
4.331744847133404e-05	1.190971e+01	1.175278e+00
4.331997788266199e-05	1.190970e+01	1.175409e+00
4.332503670531791e-05	1.190968e+01	1.175669e+00
4.332603670531739e-05	1.190967e+01	1.175720e+00
4.332803670531807e-05	1.190966e+01	1.175823e+00
4.332957213562180e-05	1.190966e+01	1.175902e+00
4.333044246304305e-05	1.190965e+01	1.175947e+00
4.333159267850932e-05	1.190965e+01	1.176006e+00
4.333233333335233e-05	1.190965e+01	1.176044e+00
4.333333333335181e-05	1.190864e+01	1.176096e+00
4.333333553477141e-05	1.190908e+01	1.176096e+00
4.333333993761061e-05	1.190949e+01	1.176096e+00
4.333334874328729e-05	1.190965e+01	1.176097e+00
4.333336635464063e-05	1.190964e+01	1.176098e+00
4.333340157734733e-05	1.190964e+01	1.176099e+00
4.333347202276246e-05	1.190964e+01	1.176103e+00
4.333361291359271e-05	1.190964e+01	1.176110e+00
4.333377245164909e-05	1.190964e+01	1.176118e+00
4.333395544650100e-05	1.190964e+01	1.176128e+00
4.333409103101857e-05	1.190964e+01	1.176135e+00
4.333433333335128e-05	1.190963e+01	1.176147e+00
4.333435756358542e-05	1.190963e+01	1.176149e+00
4.333440602405196e-05	1.190963e+01	1.176151e+00
4.333450294498505e-05	1.190963e+01	1.176156e+00
4.333469678685122e-05	1.190963e+01	1.176166e+00
4.333505734008605e-05	1.190963e+01	1.176185e+00
4.333541157644505e-05	1.190963e+01	1.176203e+00
4.333590361973831e-05	1.190963e+01	1.176228e+00
4.333617576673422e-05	1.190963e+01	1.176242e+00
4.333632969578949e-05	1.190963e+01	1.176250e+00
4.333647411801020e-05	1.190963e+01	1.176257e+00
4.333661667505102e-05	1.190964e+01	1.176265e+00
4.333682457955366e-05	1.190964e+01	1.176275e+00
4.333721957560863e-05	1.190966e+01	1.176296e+00
4.333778469362004e-05	1.190970e+01	1.176325e+00
4.333839965329350e-05	1.190976e+01	1.176357e+00
4.333903636445473e-05	1.190982e+01	1.176389e+00
4.333971847342473e-05	1.190988e+01	1.176424e+00
4.334033829851702e-05	1.190994e+01	1.176456e+00
4.334080941824359e-05	1.190999e+01	1.176481e+00
4.334116550969332e-05	1.191007e+01	1.176499e+00
4.334157089424910e-05	1.191020e+01	1.176520e+00
4.334193409627485e-05	1.191035e+01	1.176538e+00
4.334233228935926e-05	1.191053e+01	1.176559e+00
4.334312867552807e-05	1.191087e+01	1.176600e+00
4.334426365583052e-05	1.191127e+01	1.176658e+00
4.334636690095026e-05	1.191177e+01	1.176767e+00
4.334838351604912e-05	1.191202e+01	1.176870e+00
4.334985136147940e-05	1.191206e+01	1.176946e+00
4.335106860310113e-05	1.191203e+01	1.177009e+00
4.335182270679729e-05	1.191199e+01	1.177047e+00
4.335228233516043e-05	1.191195e+01	1.177071e+00
4.335259548068557e-05	1.191191e+01	1.177087e+00
4.335292678591535e-05	1.191186e+01	1.177104e+00
4.335320228358169e-05	1.191182e+01	1.177118e+00
4.335355018271134e-05	1.191176e+01	1.177136e+00
4.335390481015680e-05	1.191170e+01	1.177154e+00
4.335413383095219e-05	1.191166e+01	1.177166e+00
4.335444007116593e-05	1.191160e+01	1.177182e+00
4.335460772493874e-05	1.191157e+01	1.177191e+00
4.335471893625147e-05	1.191155e+01	1.177196e+00
4.335488245631701e-05	1.191151e+01	1.177205e+00
4.335500694932840e-05	1.191149e+01	1.177211e+00
4.335516607464028e-05	1.191145e+01	1.177219e+00
4.335535546563969e-05	1.191141e+01	1.177229e+00
4.335553399994509e-05	1.191138e+01	1.177238e+00
4.335589106855761e-05	1.191130e+01	1.177257e+00
4.335637756944059e-05	1.191120e+01	1.177282e+00
4.335720175140979e-05	1.191103e+01	1.177324e+00
4.335805934960711e-05	1.191084e+01	1.177368e+00
4.335934416728471e-05	1.191056e+01	1.177434e+00
4.336062188985135e-05	1.191028e+01	1.177500e+00
4.336243378954933e-05	1.190987e+01	1.177593e+00
4.336434117401498e-05	1.190943e+01	1.177691e+00
4.336682222333237e-05	1.190884e+01	1.177819e+00
4.336988311859184e-05	1.190809e+01	1.177977e+00
4.337387279855845e-05	1.190707e+01	1.178182e+00
4.337994759058723e-05	1.190540e+01	1.178494e+00
4.338841357906173e-05	1.190278e+01	1.178930e+00
4.340534555601246e-05	1.189596e+01	1.179800e+00
4.343920950991217e-05	1.187526e+01	1.181538e+00
4.347060274219848e-05	1.184131e+01	1.183146e+00
4.349360902934987e-05	1.179335e+01	1.184321e+00
4.350963257137956e-05	1.172826e+01	1.185135e+00
4.352163379318409e-05	1.163410e+01	1.185740e+00
4.353146687193464e-05	1.148283e+01	1.186231e+00
4.354098282228006e-05	1.123109e+01	1.186696e+00
4.355087849221284e-05	1.088439e+01	1.187167e+00
4.356046430609856e-05	1.052386e+01	1.187607e+00
4.357057650878141e-05	1.014318e+01	1.188051e+00
4.358992433913834e-05	9.410570e+00	1.188846e+00
4.361384915180407e-05	8.460190e+00	1.189743e+00
4.364272379530666e-05	7.020608e+00	1.190678e+00
4.366932177821484e-05	5.023893e+00	1.191333e+00
4.369778029011950e-05	2.063948e+00	1.191699e+00
4.372884186872386e-05	-1.707878e+00	1.191610e+00
4.376421313944182e-05	-6.257589e+00	1.190938e+00
4.378304236075069e-05	-8.736031e+00	1.190313e+00
4.379428402426222e-05	-1.023127e+01	1.189819e+00
4.380087760090697e-05	-1.111139e+01	1.189489e+00
4.380478998000648e-05	-1.163428e+01	1.189278e+00
4.380714453334870e-05	-1.194883e+01	1.189147e+00
4.380858362677646e-05	-1.213964e+01	1.189064e+00
4.380946929451006e-05	-1.225254e+01	1.189013e+00
4.380998892571444e-05	-1.231208e+01	1.188983e+00
4.381048105771973e-05	-1.235972e+01	1.188954e+00
4.381103756311705e-05	-1.240390e+01	1.188921e+00
4.381166456161184e-05	-1.244368e+01	1.188884e+00
4.381251784276244e-05	-1.248550e+01	1.188833e+00
4.381385933597583e-05	-1.253304e+01	1.188753e+00
4.381654232240260e-05	-1.259789e+01	1.188593e+00
4.381921360853760e-05	-1.263966e+01	1.188432e+00
4.382228149634945e-05	-1.266819e+01	1.188247e+00
4.382539463438674e-05	-1.268572e+01	1.188059e+00
4.382990831670180e-05	-1.270139e+01	1.187787e+00
4.383893568133367e-05	-1.272035e+01	1.187240e+00
4.385699041059565e-05	-1.274226e+01	1.186146e+00
4.387600117263142e-05	-1.275550e+01	1.184994e+00
4.389703106191627e-05	-1.276398e+01	1.183717e+00
4.392111798703219e-05	-1.277013e+01	1.182254e+00
4.394574400491506e-05	-1.277425e+01	1.180758e+00
4.397309852894812e-05	-1.277748e+01	1.179096e+00
4.400286207607677e-05	-1.278026e+01	1.177288e+00
4.403816491951526e-05	-1.278311e+01	1.175142e+00
4.407902662405087e-05	-1.278614e+01	1.172658e+00
4.413104689338608e-05	-1.278984e+01	1.169496e+00
4.419615725251638e-05	-1.279436e+01	1.165536e+00
4.428760373697584e-05	-1.280063e+01	1.159975e+00
4.441121193432887e-05	-1.280899e+01	1.152454e+00
4.459644676367211e-05	-1.282134e+01	1.141179e+00
4.483644676367242e-05	-1.283703e+01	1.126564e+00
4.507644676367273e-05	-1.285238e+01	1.111940e+00
4.531644676367304e-05	-1.286736e+01	1.097307e+00
4.555644676367335e-05	-1.288197e+01	1.082666e+00
4.579644676367366e-05	-1.289622e+01	1.068018e+00
4.603644676367397e-05	-1.291009e+01	1.053362e+00
4.627644676367428e-05	-1.292360e+01	1.038699e+00
4.651644676367458e-05	-1.293673e+01	1.024029e+00
4.675644676367489e-05	-1.294950e+01	1.009354e+00
4.723644676367551e-05	-1.297393e+01	9.799865e-01
4.795644676367644e-05	-1.300779e+01	9.358995e-01
4.833358962081979e-05	-1.302420e+01	9.127884e-01
4.871073247796313e-05	-1.303969e+01	8.896739e-01
4.908787533510647e-05	-1.305425e+01	8.665558e-01
4.946501819224982e-05	-1.306790e+01	8.434341e-01
4.984216104939316e-05	-1.308062e+01	8.203089e-01
5.021930390653650e-05	-1.309243e+01	7.971802e-01
5.059644676367984e-05	-1.310331e+01	7.740480e-01
5.083644676368015e-05	-1.310978e+01	7.593308e-01
5.101100000001746e-05	-1.311429e+01	7.486274e-01
5.101200000001693e-05	-1.311432e+01	7.485662e-01
5.101400000001588e-05	-1.311437e+01	7.484435e-01
5.101800000001377e-05	-1.311447e+01	7.481983e-01
5.102600000000956e-05	-1.311467e+01	7.477077e-01
5.104200000000114e-05	-1.311506e+01	7.467267e-01
5.107399999998430e-05	-1.311585e+01	7.447646e-01
5.113799999995061e-05	-1.311740e+01	7.408406e-01
5.113899999995009e-05	-1.311743e+01	7.407793e-01
5.114099999994903e-05	-1.311748e+01	7.406567e-01
5.114499999994693e-05	-1.311757e+01	7.404115e-01
5.115299999994272e-05	-1.311777e+01	7.399210e-01
5.116899999993429e-05	-1.311815e+01	7.389400e-01
5.120099999991745e-05	-1.311891e+01	7.369781e-01
5.120199999991693e-05	-1.311893e+01	7.369168e-01
5.120399999991587e-05	-1.311898e+01	7.367941e-01
5.120799999991377e-05	-1.311908e+01	7.365489e-01
5.121599999990956e-05	-1.311926e+01	7.360584e-01
5.123199999990113e-05	-1.311964e+01	7.350775e-01
5.123299999990061e-05	-1.311967e+01	7.350162e-01
5.123499999989956e-05	-1.311971e+01	7.348936e-01
5.123899999989745e-05	-1.311980e+01	7.346483e-01
5.124300000002198e-05	-1.311990e+01	7.344031e-01
5.124400000002145e-05	-1.311992e+01	7.343418e-01
5.124600000002040e-05	-1.311997e+01	7.342191e-01
5.124700000001987e-05	-1.311999e+01	7.341579e-01
5.124900000001882e-05	-1.312004e+01	7.340353e-01
5.125000000001829e-05	-1.312006e+01	7.339739e-01
5.125100000001777e-05	-1.312010e+01	7.339126e-01
5.125110000001737e-05	-1.312009e+01	7.339065e-01
5.125130000001657e-05	-1.312009e+01	7.338942e-01
5.125160000001711e-05	-1.312010e+01	7.338758e-01
5.125200000001724e-05	-1.312011e+01	7.338513e-01
5.125204000001708e-05	-1.312011e+01	7.338489e-01
5.125212000001676e-05	-1.312011e+01	7.338439e-01
5.125228000001612e-05	-1.312012e+01	7.338341e-01
5.125260000001658e-05	-1.312012e+01	7.338145e-01
5.125324000001749e-05	-1.312014e+01	7.337753e-01
5.125443307209439e-05	-1.312017e+01	7.337021e-01
5.125681921624992e-05	-1.312022e+01	7.335559e-01
5.126050999631343e-05	-1.312031e+01	7.333296e-01
5.126406158749951e-05	-1.312040e+01	7.331119e-01
5.126795832558276e-05	-1.312049e+01	7.328730e-01
5.127171464398318e-05	-1.312058e+01	7.326427e-01
5.127455796688843e-05	-1.312066e+01	7.324683e-01
5.127633879908021e-05	-1.312071e+01	7.323592e-01
5.127804605469660e-05	-1.312076e+01	7.322545e-01
5.127895367389688e-05	-1.312079e+01	7.321988e-01
5.128004930773228e-05	-1.312082e+01	7.321317e-01
5.128177531838786e-05	-1.312088e+01	7.320259e-01
5.128358948414125e-05	-1.312094e+01	7.319146e-01
5.128558289838915e-05	-1.312102e+01	7.317924e-01
5.128681073952521e-05	-1.312109e+01	7.317172e-01
5.128829339663167e-05	-1.312122e+01	7.316263e-01
5.128972688547319e-05	-1.312136e+01	7.315384e-01
5.129115075376035e-05	-1.312151e+01	7.314511e-01
5.129362313462810e-05	-1.312176e+01	7.312995e-01
5.129774914010461e-05	-1.312220e+01	7.310465e-01
5.130198236938041e-05	-1.312265e+01	7.307870e-01
5.131044882793374e-05	-1.312355e+01	7.302679e-01
5.131832635534191e-05	-1.312305e+01	7.297848e-01
5.132182180165104e-05	-1.311256e+01	7.295706e-01
5.132438743796382e-05	-1.308259e+01	7.294136e-01
5.132651793082234e-05	-1.303178e+01	7.292836e-01
5.132920458881564e-05	-1.293052e+01	7.291207e-01
5.133218760464825e-05	-1.275326e+01	7.289411e-01
5.133309895039365e-05	-1.212206e+01	7.288871e-01
5.133343625947882e-05	-1.113439e+01	7.288680e-01
5.133350576205613e-05	-1.083389e+01	7.288643e-01
5.133354994607021e-05	-1.068929e+01	7.288621e-01
5.133360656265490e-05	-1.057168e+01	7.288592e-01
5.133367140159467e-05	-1.047754e+01	7.288561e-01
5.133374492837656e-05	-1.040441e+01	7.288525e-01
5.133386231626763e-05	-1.032380e+01	7.288467e-01
5.133398591391017e-05	-1.026298e+01	7.288408e-01
5.133423310919524e-05	-1.016905e+01	7.288289e-01
5.133446344555981e-05	-1.009131e+01	7.288179e-01
5.133492411828894e-05	-9.942886e+00	7.287962e-01
5.133549075497616e-05	-9.760614e+00	7.287701e-01
5.133662402835061e-05	-9.394211e+00	7.287194e-01
5.133841409210235e-05	-8.810179e+00	7.286439e-01
5.134187840792094e-05	-7.665564e+00	7.285134e-01
5.134753023046043e-05	-5.773218e+00	7.283402e-01
5.135507367583919e-05	-3.224980e+00	7.281770e-01
5.136194892267285e-05	-9.058056e-01	7.280982e-01
5.136843127641691e-05	1.240614e+00	7.280918e-01
5.137504119999761e-05	3.322399e+00	7.281505e-01
5.138202490276300e-05	5.275364e+00	7.282761e-01
5.138890309971424e-05	6.779011e+00	7.284536e-01
5.139626931137571e-05	7.918672e+00	7.286887e-01
5.140404473958152e-05	8.844328e+00	7.289723e-01
5.141163764766157e-05	9.669081e+00	7.292793e-01
5.141961123761307e-05	1.052066e+01	7.296327e-01
5.142798269558956e-05	1.137119e+01	7.300310e-01
5.143119784878879e-05	1.161594e+01	7.301916e-01
5.143347773756829e-05	1.171308e+01	7.303085e-01
5.143528948735321e-05	1.175721e+01	7.304021e-01
5.143735074046758e-05	1.179056e+01	7.305090e-01
5.143982633555762e-05	1.181874e+01	7.306377e-01
5.144216942049550e-05	1.183740e+01	7.307599e-01
5.144616175293236e-05	1.185938e+01	7.309682e-01
5.145000374110788e-05	1.187370e+01	7.311691e-01
5.145768771746065e-05	1.189180e+01	7.315715e-01
5.146597338568856e-05	1.190467e+01	7.320058e-01
5.147262504831378e-05	1.191172e+01	7.323547e-01
5.147633202216666e-05	1.191473e+01	7.325493e-01
5.147892328807337e-05	1.191651e+01	7.326853e-01
5.148164547755067e-05	1.191817e+01	7.328281e-01
5.148441925733292e-05	1.191971e+01	7.329738e-01
5.148743027476310e-05	1.192121e+01	7.331319e-01
5.149031940617811e-05	1.192252e+01	7.332837e-01
5.149376440112194e-05	1.192393e+01	7.334647e-01
5.149716826565245e-05	1.192518e+01	7.336435e-01
5.150169837838184e-05	1.192666e+01	7.338815e-01
5.150592785982226e-05	1.192787e+01	7.341037e-01
5.151311890925873e-05	1.192964e+01	7.344816e-01
5.151972899970769e-05	1.193103e+01	7.348289e-01
5.152645615492946e-05	1.193223e+01	7.351825e-01
5.153366930161184e-05	1.193333e+01	7.355617e-01
5.154175130447566e-05	1.193437e+01	7.359866e-01
5.155201447603827e-05	1.193548e+01	7.365261e-01
5.156441520887990e-05	1.193658e+01	7.371781e-01
5.158031115136061e-05	1.193769e+01	7.380140e-01
5.159756255323882e-05	1.193867e+01	7.389211e-01
5.160486527869615e-05	1.193902e+01	7.393051e-01
5.161076025359326e-05	1.193926e+01	7.396151e-01
5.161726498902584e-05	1.193951e+01	7.399572e-01
5.162182625492555e-05	1.193967e+01	7.401970e-01
5.162604167472870e-05	1.193980e+01	7.404187e-01
5.163061528303675e-05	1.193994e+01	7.406592e-01
5.163632880050666e-05	1.194009e+01	7.409596e-01
5.164338144866658e-05	1.194026e+01	7.413305e-01
5.165051960408402e-05	1.194041e+01	7.417058e-01
5.165854747648038e-05	1.194056e+01	7.421280e-01
5.166662275710859e-05	1.194069e+01	7.425526e-01
5.167520014058742e-05	1.194082e+01	7.430037e-01
5.168449482085592e-05	1.194093e+01	7.434924e-01
5.169428152141352e-05	1.194104e+01	7.440071e-01
5.170571388846135e-05	1.194115e+01	7.446082e-01
5.171818291261308e-05	1.194126e+01	7.452638e-01
5.173561773583538e-05	1.194137e+01	7.461806e-01
5.175240282691632e-05	1.194145e+01	7.470631e-01
5.178597300907993e-05	1.194156e+01	7.488281e-01
5.182035895836060e-05	1.194160e+01	7.506358e-01
5.188913085692366e-05	1.194156e+01	7.542508e-01
5.198575237201110e-05	1.194136e+01	7.593286e-01
5.210575067737117e-05	1.194099e+01	7.656333e-01
5.224466557846898e-05	1.194049e+01	7.729295e-01
5.241433110272052e-05	1.193984e+01	7.818372e-01
5.260439790705750e-05	1.193909e+01	7.918112e-01
5.284439790705781e-05	1.193814e+01	8.043985e-01
5.308439790705811e-05	1.193718e+01	8.169783e-01
5.332439790705842e-05	1.193622e+01	8.295503e-01
5.356439790705873e-05	1.193526e+01	8.421142e-01
5.380439790705904e-05	1.193430e+01	8.546703e-01
5.404439790705935e-05	1.193334e+01	8.672184e-01
5.428439790705966e-05	1.193238e+01	8.797587e-01
5.452439790705997e-05	1.193142e+01	8.922911e-01
5.476439790706028e-05	1.193046e+01	9.048156e-01
5.500439790706059e-05	1.192950e+01	9.173321e-01
5.524439790706090e-05	1.192854e+01	9.298408e-01
5.548439790706121e-05	1.192758e+01	9.423416e-01
5.572439790706152e-05	1.192662e+01	9.548346e-01
5.596439790706183e-05	1.192566e+01	9.673196e-01
5.620439790706214e-05	1.192471e+01	9.797968e-01
5.644439790706245e-05	1.192375e+01	9.922662e-01
5.668439790706276e-05	1.192279e+01	1.004728e+00
5.692439790706307e-05	1.192184e+01	1.017181e+00
5.716439790706337e-05	1.192088e+01	1.029627e+00
5.764439790706399e-05	1.191897e+01	1.054495e+00
5.812439790706461e-05	1.191707e+01	1.079332e+00
5.860439790706523e-05	1.191517e+01	1.104137e+00
5.908439790706585e-05	1.191326e+01	1.128911e+00
5.932439790706616e-05	1.191231e+01	1.141287e+00
5.956439790706647e-05	1.191137e+01	1.153655e+00
5.976000000001806e-05	1.191059e+01	1.163730e+00
5.976100000003662e-05	1.191059e+01	1.163782e+00
5.976300000007373e-05	1.191058e+01	1.163885e+00
5.976555533084710e-05	1.191057e+01	1.164016e+00
5.976795835126170e-05	1.191056e+01	1.164140e+00
5.977276439209089e-05	1.191054e+01	1.164387e+00
5.977903037265343e-05	1.191052e+01	1.164710e+00
5.978962654014722e-05	1.191048e+01	1.165256e+00
5.981077329836847e-05	1.191039e+01	1.166344e+00
5.985306681481270e-05	1.191022e+01	1.168522e+00
5.991541296712991e-05	1.190998e+01	1.171731e+00
5.991641296714846e-05	1.190998e+01	1.171782e+00
5.991841296718557e-05	1.190997e+01	1.171885e+00
5.992171181877677e-05	1.190995e+01	1.172055e+00
5.992477723757925e-05	1.190994e+01	1.172213e+00
5.993066849579141e-05	1.190992e+01	1.172516e+00
5.993945464067077e-05	1.190988e+01	1.172968e+00
5.995464014605864e-05	1.190982e+01	1.173750e+00
5.996962898924263e-05	1.190977e+01	1.174521e+00
5.997002231365040e-05	1.190977e+01	1.174541e+00
5.997080896246593e-05	1.190976e+01	1.174582e+00
5.997201374844698e-05	1.190975e+01	1.174644e+00
5.997325855163459e-05	1.190975e+01	1.174708e+00
5.997554014065647e-05	1.190974e+01	1.174825e+00
5.997820741075049e-05	1.190973e+01	1.174962e+00
5.998219114477198e-05	1.190971e+01	1.175167e+00
5.998780432706075e-05	1.190969e+01	1.175456e+00
5.999103410684291e-05	1.190968e+01	1.175622e+00
5.999354044045405e-05	1.190967e+01	1.175751e+00
5.999498733279610e-05	1.190966e+01	1.175826e+00
5.999710621533427e-05	1.190966e+01	1.175935e+00
5.999810621535283e-05	1.190965e+01	1.175986e+00
5.999899999999982e-05	1.190965e+01	1.176032e+00
5.999999999999929e-05	1.190965e+01	1.176084e+00
