time	V(vo)	I(Ro)
0.000000000000000e+00	2.425226e+01	4.330761e-01
1.251000000014602e-07	2.425686e+01	4.331582e-01
3.651000000017696e-07	2.426550e+01	4.333124e-01
8.451000000023884e-07	2.428185e+01	4.336044e-01
1.012000000015501e-06	2.428725e+01	4.337009e-01
1.018000000012342e-06	2.428744e+01	4.337043e-01
1.073999999982866e-06	2.428919e+01	4.337355e-01
1.250000000016863e-06	2.429457e+01	4.338316e-01
1.251000000016336e-06	2.429460e+01	4.338321e-01
1.251100000015937e-06	2.429460e+01	4.338322e-01
1.251300000015138e-06	2.429461e+01	4.338323e-01
1.251600000015674e-06	2.429462e+01	4.338324e-01
1.252000000015810e-06	2.429463e+01	4.338326e-01
1.252040000015650e-06	2.429463e+01	4.338327e-01
1.252120000015330e-06	2.429463e+01	4.338327e-01
1.252280000014691e-06	2.429464e+01	4.338328e-01
1.252600000015147e-06	2.429465e+01	4.338330e-01
1.253240000016059e-06	2.429467e+01	4.338333e-01
1.254433197810101e-06	2.429470e+01	4.338340e-01
1.256819593396449e-06	2.429477e+01	4.338352e-01
1.260510277422203e-06	2.429488e+01	4.338372e-01
1.264061820617154e-06	2.429499e+01	4.338391e-01
1.267958533210378e-06	2.429511e+01	4.338412e-01
1.271714913068586e-06	2.429522e+01	4.338432e-01
1.274558065388065e-06	2.429530e+01	4.338447e-01
1.276338890380743e-06	2.429536e+01	4.338457e-01
1.278046122144688e-06	2.429541e+01	4.338466e-01
1.278953722627305e-06	2.429543e+01	4.338471e-01
1.280049358516611e-06	2.429547e+01	4.338477e-01
1.281775404027991e-06	2.429552e+01	4.338486e-01
1.283589566219989e-06	2.429557e+01	4.338495e-01
1.285582847976655e-06	2.429564e+01	4.338506e-01
1.286810667959493e-06	2.429567e+01	4.338513e-01
1.288293302686289e-06	2.429572e+01	4.338521e-01
1.289726770242750e-06	2.429576e+01	4.338529e-01
1.291150640037389e-06	2.429580e+01	4.338536e-01
1.293622983738682e-06	2.429588e+01	4.338550e-01
1.297749009334520e-06	2.429601e+01	4.338573e-01
1.301982205246383e-06	2.429615e+01	4.338598e-01
1.310448597071842e-06	2.429642e+01	4.338647e-01
1.318326129205391e-06	2.429668e+01	4.338693e-01
1.321821560540393e-06	2.429676e+01	4.338707e-01
1.324387306140748e-06	2.429670e+01	4.338696e-01
1.326517817749895e-06	2.429642e+01	4.338647e-01
1.329204435877515e-06	2.429562e+01	4.338503e-01
1.332187481011340e-06	2.429422e+01	4.338254e-01
1.333098869592264e-06	2.429370e+01	4.338162e-01
1.333436319443312e-06	2.429355e+01	4.338134e-01
1.333505765590062e-06	2.429354e+01	4.338131e-01
1.333549976305012e-06	2.429353e+01	4.338131e-01
1.333606624921366e-06	2.429353e+01	4.338130e-01
1.333671776723722e-06	2.429352e+01	4.338129e-01
1.333745641710765e-06	2.429352e+01	4.338129e-01
1.333863815221673e-06	2.429351e+01	4.338128e-01
1.333988229461000e-06	2.429351e+01	4.338127e-01
1.334237057939655e-06	2.429350e+01	4.338125e-01
1.334469186601434e-06	2.429349e+01	4.338123e-01
1.334933443924990e-06	2.429347e+01	4.338119e-01
1.335506959255703e-06	2.429344e+01	4.338114e-01
1.336653989915393e-06	2.429339e+01	4.338105e-01
1.338475895491451e-06	2.429330e+01	4.338090e-01
1.342016161162349e-06	2.429314e+01	4.338061e-01
1.347766998482589e-06	2.429288e+01	4.338015e-01
1.355320442817873e-06	2.429254e+01	4.337954e-01
1.362123974613105e-06	2.429224e+01	4.337900e-01
1.368462798582298e-06	2.429196e+01	4.337849e-01
1.375779223855220e-06	2.429163e+01	4.337791e-01
1.382429570949417e-06	2.429134e+01	4.337739e-01
1.389577070295273e-06	2.429102e+01	4.337682e-01
1.396647939461496e-06	2.429071e+01	4.337627e-01
1.404866161099430e-06	2.429035e+01	4.337563e-01
1.412992346083025e-06	2.429000e+01	4.337500e-01
1.420978862189462e-06	2.428965e+01	4.337437e-01
1.426723643031466e-06	2.428940e+01	4.337392e-01
1.429700641724166e-06	2.428927e+01	4.337369e-01
1.431457497787572e-06	2.428919e+01	4.337356e-01
1.433836437150782e-06	2.428909e+01	4.337337e-01
1.435378297793416e-06	2.428902e+01	4.337325e-01
1.437529808957089e-06	2.428893e+01	4.337308e-01
1.440234800505549e-06	2.428881e+01	4.337288e-01
1.443019154849859e-06	2.428869e+01	4.337266e-01
1.447208890460391e-06	2.428851e+01	4.337234e-01
1.452895486852082e-06	2.428826e+01	4.337189e-01
1.460521388945910e-06	2.428793e+01	4.337130e-01
1.470996789085244e-06	2.428748e+01	4.337049e-01
1.475733843075630e-06	2.428727e+01	4.337012e-01
1.478911528610474e-06	2.428713e+01	4.336988e-01
1.481683358665886e-06	2.428701e+01	4.336967e-01
1.484563208486306e-06	2.428689e+01	4.336944e-01
1.487652969109007e-06	2.428675e+01	4.336920e-01
1.490592622211545e-06	2.428663e+01	4.336897e-01
1.493991107876305e-06	2.428648e+01	4.336871e-01
1.497569254806097e-06	2.428632e+01	4.336843e-01
1.501883198000084e-06	2.428614e+01	4.336810e-01
1.506396483903077e-06	2.428594e+01	4.336775e-01
1.513309474034802e-06	2.428564e+01	4.336722e-01
1.519377636552410e-06	2.428538e+01	4.336675e-01
1.526250953298031e-06	2.428508e+01	4.336621e-01
1.533049410791174e-06	2.428478e+01	4.336569e-01
1.540584017542188e-06	2.428446e+01	4.336510e-01
1.549983484174303e-06	2.428405e+01	4.336438e-01
1.561023901112610e-06	2.428357e+01	4.336352e-01
1.575420684327838e-06	2.428295e+01	4.336241e-01
1.591257360775492e-06	2.428226e+01	4.336118e-01
1.601149562088788e-06	2.428183e+01	4.336042e-01
1.607774981782564e-06	2.428154e+01	4.335990e-01
1.614296722629582e-06	2.428126e+01	4.335940e-01
1.620245593410979e-06	2.428100e+01	4.335894e-01
1.624556279288675e-06	2.428082e+01	4.335860e-01
1.629352189114197e-06	2.428061e+01	4.335823e-01
1.635134196563415e-06	2.428036e+01	4.335778e-01
1.640661845799321e-06	2.428012e+01	4.335735e-01
1.648296425365084e-06	2.427979e+01	4.335676e-01
1.655886111028015e-06	2.427946e+01	4.335618e-01
1.664105548812925e-06	2.427910e+01	4.335554e-01
1.672309622261295e-06	2.427875e+01	4.335490e-01
1.681011891440862e-06	2.427837e+01	4.335423e-01
1.690715787042857e-06	2.427795e+01	4.335348e-01
1.701203578586066e-06	2.427749e+01	4.335267e-01
1.715629903056154e-06	2.427687e+01	4.335155e-01
1.729790157714226e-06	2.427625e+01	4.335046e-01
1.754370117890841e-06	2.427519e+01	4.334855e-01
1.781822257674454e-06	2.427400e+01	4.334643e-01
1.836482801395936e-06	2.427163e+01	4.334220e-01
1.909490091133934e-06	2.426847e+01	4.333655e-01
2.021312599815445e-06	2.426362e+01	4.332789e-01
2.132879290215467e-06	2.425879e+01	4.331926e-01
2.295246622442335e-06	2.425175e+01	4.330671e-01
2.454176847065462e-06	2.424487e+01	4.329442e-01
2.672944663566559e-06	2.423540e+01	4.327751e-01
2.912944663566869e-06	2.422502e+01	4.325897e-01
3.152944663567178e-06	2.421464e+01	4.324043e-01
3.392944663567488e-06	2.420426e+01	4.322190e-01
3.632944663567797e-06	2.419389e+01	4.320338e-01
3.872944663568106e-06	2.418353e+01	4.318487e-01
4.112944663568416e-06	2.417316e+01	4.316637e-01
4.352944663568725e-06	2.416281e+01	4.314787e-01
4.592944663569035e-06	2.415245e+01	4.312938e-01
4.832944663569344e-06	2.414211e+01	4.311090e-01
5.072944663569653e-06	2.413176e+01	4.309243e-01
5.312944663569963e-06	2.412142e+01	4.307396e-01
5.552944663570272e-06	2.411109e+01	4.305551e-01
5.792944663570582e-06	2.410075e+01	4.303706e-01
6.032944663570891e-06	2.409043e+01	4.301862e-01
6.272944663571201e-06	2.408010e+01	4.300019e-01
6.512944663571510e-06	2.406979e+01	4.298176e-01
6.752944663571819e-06	2.405947e+01	4.296335e-01
6.992944663572129e-06	2.404916e+01	4.294494e-01
7.232944663572438e-06	2.403886e+01	4.292654e-01
7.712944663573057e-06	2.401826e+01	4.288976e-01
8.192944663573676e-06	2.399769e+01	4.285301e-01
8.672944663574295e-06	2.397713e+01	4.281630e-01
9.152944663574913e-06	2.395658e+01	4.277961e-01
9.392944663575223e-06	2.394632e+01	4.276128e-01
9.632944663575532e-06	2.393606e+01	4.274296e-01
9.760000000016630e-06	2.393063e+01	4.273326e-01
9.761000000016104e-06	2.393058e+01	4.273318e-01
9.763000000016786e-06	2.393050e+01	4.273303e-01
9.766468301792772e-06	2.393035e+01	4.273277e-01
9.769783071541388e-06	2.393021e+01	4.273252e-01
9.776412611036886e-06	2.392992e+01	4.273201e-01
9.789671690027882e-06	2.392936e+01	4.273100e-01
9.816189848011608e-06	2.392822e+01	4.272897e-01
9.869226163977327e-06	2.392596e+01	4.272493e-01
9.893927368083769e-06	2.392490e+01	4.272304e-01
9.943329776296653e-06	2.392279e+01	4.271927e-01
9.944329776296126e-06	2.392275e+01	4.271920e-01
9.946329776296808e-06	2.392266e+01	4.271905e-01
9.950329776296438e-06	2.392249e+01	4.271874e-01
9.955689421071306e-06	2.392227e+01	4.271833e-01
9.966408710621044e-06	2.392181e+01	4.271751e-01
9.978561420917464e-06	2.392129e+01	4.271659e-01
9.979561420916938e-06	2.392125e+01	4.271651e-01
9.981561420917620e-06	2.392116e+01	4.271636e-01
9.985561420917249e-06	2.392099e+01	4.271605e-01
9.991041387800298e-06	2.392076e+01	4.271563e-01
9.992041387799772e-06	2.392071e+01	4.271556e-01
9.994041387800454e-06	2.392063e+01	4.271541e-01
9.996000000017310e-06	2.392054e+01	4.271526e-01
9.996082775583226e-06	2.392054e+01	4.271525e-01
9.996248326715057e-06	2.392053e+01	4.271524e-01
9.996579428978719e-06	2.392052e+01	4.271521e-01
9.996914656794711e-06	2.392050e+01	4.271519e-01
9.997585112426696e-06	2.392048e+01	4.271514e-01
9.998568690633425e-06	2.392043e+01	4.271506e-01
9.999000000017466e-06	2.392042e+01	4.271503e-01
9.999137381248857e-06	2.392041e+01	4.271502e-01
9.999412143711639e-06	2.392040e+01	4.271500e-01
9.999450475091376e-06	2.392040e+01	4.271499e-01
9.999527137850850e-06	2.392039e+01	4.271499e-01
9.999680463369798e-06	2.392039e+01	4.271497e-01
9.999806207543552e-06	2.392038e+01	4.271497e-01
1.000000000001694e-05	2.392037e+01	4.271495e-01
1.000000238207850e-05	2.392037e+01	4.271495e-01
1.000000714619989e-05	2.392037e+01	4.271495e-01
1.000001667444267e-05	2.392037e+01	4.271495e-01
1.000003286294286e-05	2.392037e+01	4.271495e-01
1.000006523994498e-05	2.392037e+01	4.271494e-01
1.000012999394922e-05	2.392037e+01	4.271494e-01
1.000025950195597e-05	2.392036e+01	4.271493e-01
1.000042220934867e-05	2.392035e+01	4.271492e-01
1.000059467724974e-05	2.392035e+01	4.271491e-01
1.000075936353172e-05	2.392034e+01	4.271489e-01
1.000100000001641e-05	2.392033e+01	4.271488e-01
1.000102406366506e-05	2.392033e+01	4.271487e-01
1.000107219096234e-05	2.392033e+01	4.271487e-01
1.000116844555692e-05	2.392032e+01	4.271486e-01
1.000136095474433e-05	2.392031e+01	4.271485e-01
1.000172201535802e-05	2.392030e+01	4.271482e-01
1.000207508724572e-05	2.392028e+01	4.271479e-01
1.000256725352394e-05	2.392026e+01	4.271475e-01
1.000283928903091e-05	2.392025e+01	4.271473e-01
1.000299329713926e-05	2.392024e+01	4.271472e-01
1.000313719463387e-05	2.392024e+01	4.271471e-01
1.000328076482780e-05	2.392023e+01	4.271470e-01
1.000348642045401e-05	2.392022e+01	4.271469e-01
1.000387693244655e-05	2.392021e+01	4.271466e-01
1.000444256329253e-05	2.392018e+01	4.271461e-01
1.000505661242351e-05	2.392016e+01	4.271457e-01
1.000569624056910e-05	2.392013e+01	4.271452e-01
1.000637878325987e-05	2.392010e+01	4.271446e-01
1.000699821410156e-05	2.392007e+01	4.271442e-01
1.000747258931949e-05	2.392005e+01	4.271438e-01
1.000782855147681e-05	2.392004e+01	4.271435e-01
1.000823490281827e-05	2.392002e+01	4.271432e-01
1.000859649112791e-05	2.392001e+01	4.271429e-01
1.000899431195801e-05	2.391999e+01	4.271426e-01
1.000978995361820e-05	2.391995e+01	4.271421e-01
1.001094023807790e-05	2.391990e+01	4.271412e-01
1.001302835680964e-05	2.391982e+01	4.271396e-01
1.001505061190393e-05	2.391973e+01	4.271380e-01
1.001651750481662e-05	2.391967e+01	4.271369e-01
1.001773564210384e-05	2.391961e+01	4.271360e-01
1.001848988961725e-05	2.391958e+01	4.271354e-01
1.001894961135882e-05	2.391956e+01	4.271351e-01
1.001926281068294e-05	2.391955e+01	4.271348e-01
1.001959410628847e-05	2.391953e+01	4.271346e-01
1.001986970013830e-05	2.391952e+01	4.271344e-01
1.002021757287239e-05	2.391951e+01	4.271341e-01
1.002057207392416e-05	2.391949e+01	4.271338e-01
1.002080090215483e-05	2.391948e+01	4.271336e-01
1.002110681238427e-05	2.391947e+01	4.271334e-01
1.002127460361137e-05	2.391946e+01	4.271333e-01
1.002138576042082e-05	2.391946e+01	4.271332e-01
1.002154924358706e-05	2.391945e+01	4.271331e-01
1.002167372073613e-05	2.391945e+01	4.271330e-01
1.002183264086839e-05	2.391944e+01	4.271328e-01
1.002202171069416e-05	2.391943e+01	4.271327e-01
1.002219987546876e-05	2.391942e+01	4.271326e-01
1.002255620501796e-05	2.391941e+01	4.271323e-01
1.002304134010111e-05	2.391939e+01	4.271319e-01
1.002386586994135e-05	2.391935e+01	4.271313e-01
1.002472172837929e-05	2.391932e+01	4.271306e-01
1.002600715450594e-05	2.391926e+01	4.271297e-01
1.002728253040285e-05	2.391921e+01	4.271287e-01
1.002909545678478e-05	2.391913e+01	4.271273e-01
1.003099954941834e-05	2.391905e+01	4.271259e-01
1.003348140199943e-05	2.391894e+01	4.271240e-01
1.003653658507297e-05	2.391881e+01	4.271216e-01
1.004052576018648e-05	2.391864e+01	4.271186e-01
1.004658645699548e-05	2.391838e+01	4.271140e-01
1.005504514375866e-05	2.391802e+01	4.271075e-01
1.007196251728674e-05	2.391730e+01	4.270946e-01
1.010579726434119e-05	2.391585e+01	4.270688e-01
1.013718955446795e-05	2.391451e+01	4.270449e-01
1.016021641138919e-05	2.391353e+01	4.270273e-01
1.017625481705177e-05	2.391285e+01	4.270151e-01
1.018826610655992e-05	2.391233e+01	4.270059e-01
1.019810375401005e-05	2.391191e+01	4.269984e-01
1.020761292131606e-05	2.391151e+01	4.269912e-01
1.021751509373142e-05	2.391109e+01	4.269837e-01
1.022705352727443e-05	2.391068e+01	4.269764e-01
1.023714261823121e-05	2.391025e+01	4.269688e-01
1.025623665927393e-05	2.390944e+01	4.269542e-01
1.027982684904775e-05	2.390843e+01	4.269363e-01
1.030910540777454e-05	2.390719e+01	4.269141e-01
1.033569958300631e-05	2.390606e+01	4.268939e-01
1.036423933408609e-05	2.390485e+01	4.268723e-01
1.039514619129329e-05	2.390355e+01	4.268490e-01
1.043041572824054e-05	2.390206e+01	4.268225e-01
1.044918546442945e-05	2.390127e+01	4.268085e-01
1.046039461957519e-05	2.390081e+01	4.268001e-01
1.046697468251243e-05	2.390053e+01	4.267952e-01
1.047089498537254e-05	2.390037e+01	4.267924e-01
1.047328575937492e-05	2.390027e+01	4.267906e-01
1.047477982606300e-05	2.390021e+01	4.267895e-01
1.047572643844523e-05	2.390017e+01	4.267888e-01
1.047633234395155e-05	2.390015e+01	4.267884e-01
1.047681233916180e-05	2.390013e+01	4.267881e-01
1.047734260606684e-05	2.390011e+01	4.267878e-01
1.047789191808111e-05	2.390010e+01	4.267875e-01
1.047860090778313e-05	2.390009e+01	4.267872e-01
1.047954450456023e-05	2.390008e+01	4.267871e-01
1.048122860098852e-05	2.390010e+01	4.267876e-01
1.048360996954746e-05	2.390019e+01	4.267891e-01
1.048653102435348e-05	2.390035e+01	4.267921e-01
1.048928842006976e-05	2.390055e+01	4.267955e-01
1.049274559630255e-05	2.390080e+01	4.268000e-01
1.049750134171808e-05	2.390115e+01	4.268063e-01
1.050701283254914e-05	2.390186e+01	4.268190e-01
1.052603581420952e-05	2.390329e+01	4.268444e-01
1.054470284959051e-05	2.390469e+01	4.268695e-01
1.056643183211525e-05	2.390632e+01	4.268987e-01
1.059049846532413e-05	2.390814e+01	4.269310e-01
1.061560969337939e-05	2.391003e+01	4.269648e-01
1.064292201018863e-05	2.391208e+01	4.270014e-01
1.067348678743772e-05	2.391437e+01	4.270423e-01
1.070901169125150e-05	2.391703e+01	4.270898e-01
1.075138573312581e-05	2.392019e+01	4.271462e-01
1.080407018225205e-05	2.392410e+01	4.272161e-01
1.087245172917001e-05	2.392916e+01	4.273064e-01
1.096562974240052e-05	2.393599e+01	4.274285e-01
1.109834710981070e-05	2.394563e+01	4.276006e-01
1.128582949430114e-05	2.395906e+01	4.278403e-01
1.152582949430145e-05	2.397594e+01	4.281419e-01
1.176582949430176e-05	2.399249e+01	4.284374e-01
1.200582949430207e-05	2.400869e+01	4.287265e-01
1.224582949430238e-05	2.402452e+01	4.290093e-01
1.248582949430269e-05	2.404000e+01	4.292856e-01
1.272582949430300e-05	2.405511e+01	4.295556e-01
1.296582949430330e-05	2.406987e+01	4.298191e-01
1.320582949430361e-05	2.408427e+01	4.300762e-01
1.344582949430392e-05	2.409831e+01	4.303270e-01
1.368582949430423e-05	2.411200e+01	4.305714e-01
1.416582949430485e-05	2.413829e+01	4.310409e-01
1.488582949430578e-05	2.417505e+01	4.316972e-01
1.522868663716337e-05	2.419141e+01	4.319895e-01
1.557154378002095e-05	2.420705e+01	4.322688e-01
1.591440092287854e-05	2.422196e+01	4.325351e-01
1.625725806573612e-05	2.423614e+01	4.327883e-01
1.660011520859371e-05	2.424960e+01	4.330285e-01
1.694297235145129e-05	2.426232e+01	4.332556e-01
1.728582949430887e-05	2.427431e+01	4.334698e-01
1.752582949430918e-05	2.428230e+01	4.336126e-01
1.767766666668259e-05	2.428721e+01	4.337002e-01
1.767866666668207e-05	2.428724e+01	4.337008e-01
1.768066666668101e-05	2.428731e+01	4.337019e-01
1.768466666667891e-05	2.428743e+01	4.337042e-01
1.769266666667470e-05	2.428769e+01	4.337087e-01
1.770866666666628e-05	2.428819e+01	4.337176e-01
1.774066666664943e-05	2.428918e+01	4.337354e-01
1.780466666661575e-05	2.429116e+01	4.337708e-01
1.780566666661522e-05	2.429119e+01	4.337713e-01
1.780766666661417e-05	2.429126e+01	4.337724e-01
1.781166666661206e-05	2.429138e+01	4.337746e-01
1.781966666660785e-05	2.429162e+01	4.337790e-01
1.783566666659943e-05	2.429211e+01	4.337877e-01
1.786766666658259e-05	2.429309e+01	4.338051e-01
1.786866666658206e-05	2.429312e+01	4.338056e-01
1.787066666658101e-05	2.429318e+01	4.338067e-01
1.787466666657890e-05	2.429330e+01	4.338089e-01
1.788266666657469e-05	2.429354e+01	4.338132e-01
1.789866666656627e-05	2.429402e+01	4.338218e-01
1.789966666656574e-05	2.429405e+01	4.338224e-01
1.790166666656469e-05	2.429411e+01	4.338234e-01
1.790566666656258e-05	2.429423e+01	4.338256e-01
1.790966666668711e-05	2.429435e+01	4.338277e-01
1.791066666668659e-05	2.429438e+01	4.338283e-01
1.791266666668553e-05	2.429444e+01	4.338293e-01
1.791366666668501e-05	2.429447e+01	4.338299e-01
1.791566666668395e-05	2.429453e+01	4.338309e-01
1.791666666668343e-05	2.429456e+01	4.338315e-01
1.791766666668290e-05	2.429459e+01	4.338320e-01
1.791776666668250e-05	2.429460e+01	4.338321e-01
1.791796666668170e-05	2.429460e+01	4.338322e-01
1.791826666668224e-05	2.429461e+01	4.338323e-01
1.791866666668238e-05	2.429462e+01	4.338326e-01
1.791870666668222e-05	2.429462e+01	4.338326e-01
1.791878666668190e-05	2.429463e+01	4.338326e-01
1.791894666668126e-05	2.429463e+01	4.338327e-01
1.791926666668171e-05	2.429464e+01	4.338329e-01
1.791990666668263e-05	2.429466e+01	4.338332e-01
1.792109994462610e-05	2.429470e+01	4.338339e-01
1.792348650051130e-05	2.429477e+01	4.338351e-01
1.792717714195480e-05	2.429488e+01	4.338371e-01
1.793072866293835e-05	2.429498e+01	4.338390e-01
1.793462535694575e-05	2.429510e+01	4.338411e-01
1.793838177677372e-05	2.429521e+01	4.338431e-01
1.794122480430586e-05	2.429530e+01	4.338446e-01
1.794300562993519e-05	2.429535e+01	4.338456e-01
1.794471291268612e-05	2.429540e+01	4.338465e-01
1.794562051136116e-05	2.429543e+01	4.338470e-01
1.794671613388095e-05	2.429546e+01	4.338475e-01
1.794844223420265e-05	2.429552e+01	4.338485e-01
1.795025639804958e-05	2.429557e+01	4.338495e-01
1.795224961666751e-05	2.429563e+01	4.338505e-01
1.795347742350288e-05	2.429567e+01	4.338512e-01
1.795496004091193e-05	2.429571e+01	4.338520e-01
1.795639349068054e-05	2.429576e+01	4.338528e-01
1.795781735689818e-05	2.429580e+01	4.338535e-01
1.796028969172983e-05	2.429588e+01	4.338549e-01
1.796441566843249e-05	2.429601e+01	4.338572e-01
1.796864885754423e-05	2.429614e+01	4.338597e-01
1.797711523576946e-05	2.429642e+01	4.338647e-01
1.798499272246366e-05	2.429668e+01	4.338692e-01
1.798848814324461e-05	2.429675e+01	4.338706e-01
1.799105388081840e-05	2.429669e+01	4.338695e-01
1.799318437865384e-05	2.429642e+01	4.338646e-01
1.799587096222750e-05	2.429561e+01	4.338503e-01
1.799885398505452e-05	2.429422e+01	4.338253e-01
1.799976537376034e-05	2.429370e+01	4.338161e-01
1.800010285066787e-05	2.429354e+01	4.338133e-01
1.800017228464727e-05	2.429353e+01	4.338130e-01
1.800021650102263e-05	2.429353e+01	4.338130e-01
1.800027315628644e-05	2.429352e+01	4.338129e-01
1.800033837517402e-05	2.429352e+01	4.338129e-01
1.800041231264649e-05	2.429352e+01	4.338128e-01
1.800053065432669e-05	2.429351e+01	4.338127e-01
1.800065524346604e-05	2.429350e+01	4.338126e-01
1.800090442174648e-05	2.429349e+01	4.338124e-01
1.800113693455584e-05	2.429348e+01	4.338122e-01
1.800160196017628e-05	2.429346e+01	4.338118e-01
1.800217695921424e-05	2.429343e+01	4.338113e-01
1.800332695729191e-05	2.429338e+01	4.338104e-01
1.800515577836739e-05	2.429330e+01	4.338089e-01
1.800871267128648e-05	2.429314e+01	4.338060e-01
1.801448485882866e-05	2.429288e+01	4.338014e-01
1.802201107285739e-05	2.429254e+01	4.337953e-01
1.802880289991649e-05	2.429223e+01	4.337899e-01
1.803514586396805e-05	2.429195e+01	4.337848e-01
1.804246225490386e-05	2.429163e+01	4.337790e-01
1.804911514783313e-05	2.429133e+01	4.337738e-01
1.805626050884607e-05	2.429102e+01	4.337682e-01
1.806333343637272e-05	2.429071e+01	4.337626e-01
1.807155336672889e-05	2.429035e+01	4.337562e-01
1.807967267789326e-05	2.428999e+01	4.337499e-01
1.808766592165112e-05	2.428964e+01	4.337436e-01
1.809339424741797e-05	2.428939e+01	4.337392e-01
1.809636636834235e-05	2.428926e+01	4.337368e-01
1.809812263347740e-05	2.428919e+01	4.337355e-01
1.810049926156097e-05	2.428908e+01	4.337336e-01
1.810204269185427e-05	2.428902e+01	4.337324e-01
1.810419468791825e-05	2.428892e+01	4.337308e-01
1.810689866225089e-05	2.428881e+01	4.337287e-01
1.810968643307584e-05	2.428868e+01	4.337265e-01
1.811386796996516e-05	2.428850e+01	4.337233e-01
1.811955120664330e-05	2.428826e+01	4.337189e-01
1.812716260434465e-05	2.428793e+01	4.337130e-01
1.813764917804606e-05	2.428747e+01	4.337049e-01
1.814239008757039e-05	2.428727e+01	4.337012e-01
1.814557052194979e-05	2.428713e+01	4.336987e-01
1.814833932453457e-05	2.428701e+01	4.336966e-01
1.815121741833604e-05	2.428688e+01	4.336943e-01
1.815431229614667e-05	2.428675e+01	4.336919e-01
1.815725474073326e-05	2.428662e+01	4.336897e-01
1.816065476471090e-05	2.428647e+01	4.336870e-01
1.816422841419661e-05	2.428632e+01	4.336843e-01
1.816854790886308e-05	2.428613e+01	4.336809e-01
1.817305451154438e-05	2.428594e+01	4.336774e-01
1.817996370970937e-05	2.428564e+01	4.336721e-01
1.818602330135033e-05	2.428537e+01	4.336674e-01
1.819290229575221e-05	2.428507e+01	4.336621e-01
1.819969206367199e-05	2.428478e+01	4.336568e-01
1.820721477354022e-05	2.428445e+01	4.336510e-01
1.821659587031288e-05	2.428405e+01	4.336437e-01
1.822760817046104e-05	2.428357e+01	4.336352e-01
1.824197532357408e-05	2.428295e+01	4.336241e-01
1.825778383203816e-05	2.428226e+01	4.336118e-01
1.826778485599680e-05	2.428183e+01	4.336041e-01
1.827441928368111e-05	2.428154e+01	4.335989e-01
1.828092609503125e-05	2.428126e+01	4.335939e-01
1.828685784615279e-05	2.428100e+01	4.335893e-01
1.829118284727739e-05	2.428081e+01	4.335859e-01
1.829595872613991e-05	2.428061e+01	4.335822e-01
1.830171812828088e-05	2.428036e+01	4.335778e-01
1.830724292095805e-05	2.428012e+01	4.335735e-01
1.831485921617582e-05	2.427979e+01	4.335676e-01
1.832243166538169e-05	2.427946e+01	4.335618e-01
1.833064887482409e-05	2.427910e+01	4.335554e-01
1.833883998490944e-05	2.427875e+01	4.335490e-01
1.834753475421155e-05	2.427837e+01	4.335423e-01
1.835721756636780e-05	2.427795e+01	4.335348e-01
1.836768415598017e-05	2.427750e+01	4.335267e-01
1.838212251327291e-05	2.427687e+01	4.335155e-01
1.839629959988522e-05	2.427626e+01	4.335046e-01
1.842072763695753e-05	2.427520e+01	4.334857e-01
1.844821101150591e-05	2.427401e+01	4.334644e-01
1.850233463536466e-05	2.427166e+01	4.334225e-01
1.857536823681935e-05	2.426850e+01	4.333660e-01
1.868664763710927e-05	2.426367e+01	4.332799e-01
1.879836963639483e-05	2.425883e+01	4.331934e-01
1.895976134905566e-05	2.425184e+01	4.330686e-01
1.911897450288316e-05	2.424495e+01	4.329455e-01
1.933662026167363e-05	2.423553e+01	4.327773e-01
1.957662026167394e-05	2.422514e+01	4.325919e-01
1.981662026167424e-05	2.421476e+01	4.324065e-01
2.005662026167455e-05	2.420439e+01	4.322212e-01
2.029662026167486e-05	2.419402e+01	4.320360e-01
2.053662026167517e-05	2.418365e+01	4.318509e-01
2.077662026167548e-05	2.417329e+01	4.316659e-01
2.101662026167579e-05	2.416293e+01	4.314809e-01
2.125662026167610e-05	2.415258e+01	4.312961e-01
2.149662026167641e-05	2.414223e+01	4.311112e-01
2.173662026167672e-05	2.413189e+01	4.309265e-01
2.197662026167703e-05	2.412154e+01	4.307418e-01
2.221662026167734e-05	2.411121e+01	4.305573e-01
2.245662026167765e-05	2.410088e+01	4.303728e-01
2.269662026167796e-05	2.409055e+01	4.301884e-01
2.293662026167827e-05	2.408023e+01	4.300041e-01
2.317662026167858e-05	2.406991e+01	4.298198e-01
2.341662026167889e-05	2.405960e+01	4.296357e-01
2.365662026167920e-05	2.404929e+01	4.294516e-01
2.389662026167950e-05	2.403898e+01	4.292676e-01
2.437662026168012e-05	2.401839e+01	4.288998e-01
2.485662026168074e-05	2.399781e+01	4.285323e-01
2.533662026168136e-05	2.397725e+01	4.281651e-01
2.581662026168198e-05	2.395671e+01	4.277983e-01
2.605662026168229e-05	2.394644e+01	4.276150e-01
2.629662026168260e-05	2.393618e+01	4.274318e-01
2.642666666668320e-05	2.393062e+01	4.273325e-01
2.642766666668267e-05	2.393058e+01	4.273317e-01
2.642966666668162e-05	2.393049e+01	4.273302e-01
2.643315554529992e-05	2.393034e+01	4.273276e-01
2.643649573481205e-05	2.393020e+01	4.273250e-01
2.644317611383458e-05	2.392992e+01	4.273199e-01
2.645653687188138e-05	2.392934e+01	4.273097e-01
2.648325838797323e-05	2.392820e+01	4.272893e-01
2.653670142015868e-05	2.392592e+01	4.272486e-01
2.655978060231434e-05	2.392493e+01	4.272310e-01
2.660593896662566e-05	2.392296e+01	4.271957e-01
2.660693896662514e-05	2.392292e+01	4.271950e-01
2.660893896662408e-05	2.392283e+01	4.271935e-01
2.661293896662198e-05	2.392266e+01	4.271904e-01
2.661829682677926e-05	2.392243e+01	4.271863e-01
2.662901254709381e-05	2.392198e+01	4.271781e-01
2.664523522605440e-05	2.392128e+01	4.271658e-01
2.664623522605387e-05	2.392124e+01	4.271650e-01
2.664823522605282e-05	2.392115e+01	4.271635e-01
2.665223522605072e-05	2.392098e+01	4.271604e-01
2.665771299484830e-05	2.392075e+01	4.271562e-01
2.665871299484777e-05	2.392071e+01	4.271555e-01
2.666071299484672e-05	2.392062e+01	4.271539e-01
2.666266666668561e-05	2.392054e+01	4.271525e-01
2.666275932300573e-05	2.392053e+01	4.271524e-01
2.666294463564596e-05	2.392053e+01	4.271522e-01
2.666331526092643e-05	2.392051e+01	4.271520e-01
2.666368892649366e-05	2.392049e+01	4.271517e-01
2.666443625762641e-05	2.392046e+01	4.271511e-01
2.666552511281298e-05	2.392042e+01	4.271503e-01
2.666566666668403e-05	2.392041e+01	4.271502e-01
2.666594977442614e-05	2.392040e+01	4.271500e-01
2.666610045119928e-05	2.392039e+01	4.271499e-01
2.666636531313722e-05	2.392038e+01	4.271497e-01
2.666666666668351e-05	2.392037e+01	4.271494e-01
2.666666817523027e-05	2.392037e+01	4.271494e-01
2.666667119232205e-05	2.392037e+01	4.271494e-01
2.666667722650735e-05	2.392037e+01	4.271494e-01
2.666668929487796e-05	2.392037e+01	4.271494e-01
2.666671343161744e-05	2.392037e+01	4.271494e-01
2.666676170509814e-05	2.392036e+01	4.271494e-01
2.666685825205781e-05	2.392036e+01	4.271493e-01
2.666700283663823e-05	2.392035e+01	4.271491e-01
2.666716598929628e-05	2.392035e+01	4.271490e-01
2.666737350058915e-05	2.392034e+01	4.271489e-01
2.666740573396657e-05	2.392034e+01	4.271488e-01
2.666747020072142e-05	2.392033e+01	4.271488e-01
2.666753773317501e-05	2.392033e+01	4.271488e-01
2.666766666668298e-05	2.392032e+01	4.271486e-01
2.666767956003430e-05	2.392032e+01	4.271486e-01
2.666770534673693e-05	2.392032e+01	4.271486e-01
2.666775692014046e-05	2.392032e+01	4.271486e-01
2.666786006694753e-05	2.392032e+01	4.271485e-01
2.666806636056340e-05	2.392031e+01	4.271483e-01
2.666844945786555e-05	2.392029e+01	4.271480e-01
2.666880430057805e-05	2.392028e+01	4.271478e-01
2.666932605374303e-05	2.392025e+01	4.271474e-01
2.666953860731500e-05	2.392024e+01	4.271472e-01
2.666968839895416e-05	2.392024e+01	4.271471e-01
2.666983983661865e-05	2.392023e+01	4.271470e-01
2.666998530400852e-05	2.392023e+01	4.271469e-01
2.667022999982074e-05	2.392022e+01	4.271467e-01
2.667061623928130e-05	2.392020e+01	4.271464e-01
2.667116729381143e-05	2.392018e+01	4.271460e-01
2.667176105292449e-05	2.392015e+01	4.271455e-01
2.667238034395787e-05	2.392012e+01	4.271451e-01
2.667306507338728e-05	2.392009e+01	4.271445e-01
2.667368593285181e-05	2.392007e+01	4.271441e-01
2.667415006828329e-05	2.392005e+01	4.271437e-01
2.667450751679158e-05	2.392003e+01	4.271434e-01
2.667491137326762e-05	2.392002e+01	4.271431e-01
2.667527902893742e-05	2.392000e+01	4.271429e-01
2.667567918875069e-05	2.391998e+01	4.271425e-01
2.667647950837723e-05	2.391995e+01	4.271419e-01
2.667758798950703e-05	2.391990e+01	4.271411e-01
2.667972239802675e-05	2.391981e+01	4.271395e-01
2.668173301457501e-05	2.391972e+01	4.271379e-01
2.668319866851870e-05	2.391966e+01	4.271368e-01
2.668441191447032e-05	2.391961e+01	4.271359e-01
2.668516143369999e-05	2.391958e+01	4.271353e-01
2.668561852524516e-05	2.391956e+01	4.271350e-01
2.668593114478826e-05	2.391954e+01	4.271347e-01
2.668626211751665e-05	2.391953e+01	4.271345e-01
2.668654066382420e-05	2.391952e+01	4.271342e-01
2.668688783884036e-05	2.391950e+01	4.271340e-01
2.668724297042770e-05	2.391949e+01	4.271337e-01
2.668747050320330e-05	2.391948e+01	4.271336e-01
2.668777352183432e-05	2.391947e+01	4.271333e-01
2.668794176950359e-05	2.391946e+01	4.271332e-01
2.668805221196953e-05	2.391945e+01	4.271331e-01
2.668821464054186e-05	2.391945e+01	4.271330e-01
2.668833941803748e-05	2.391944e+01	4.271329e-01
2.668849564199487e-05	2.391944e+01	4.271328e-01
2.668868372209324e-05	2.391943e+01	4.271326e-01
2.668886107647095e-05	2.391942e+01	4.271325e-01
2.668921578522637e-05	2.391940e+01	4.271322e-01
2.668968499756202e-05	2.391938e+01	4.271319e-01
2.669052440739186e-05	2.391935e+01	4.271312e-01
2.669136532010979e-05	2.391931e+01	4.271306e-01
2.669266633763094e-05	2.391926e+01	4.271296e-01
2.669392113434366e-05	2.391920e+01	4.271286e-01
2.669575401681445e-05	2.391912e+01	4.271272e-01
2.669763341996666e-05	2.391904e+01	4.271258e-01
2.670013456781452e-05	2.391894e+01	4.271239e-01
2.670315669675224e-05	2.391881e+01	4.271216e-01
2.670716111840589e-05	2.391864e+01	4.271185e-01
2.671316864475727e-05	2.391838e+01	4.271140e-01
2.672161359562435e-05	2.391802e+01	4.271075e-01
2.673850349735850e-05	2.391730e+01	4.270946e-01
2.677228330082854e-05	2.391586e+01	4.270689e-01
2.680367422837338e-05	2.391452e+01	4.270449e-01
2.682674835850947e-05	2.391353e+01	4.270273e-01
2.684282065226924e-05	2.391284e+01	4.270151e-01
2.685485429376570e-05	2.391233e+01	4.270059e-01
2.686470247701550e-05	2.391191e+01	4.269984e-01
2.687419623723444e-05	2.391151e+01	4.269912e-01
2.688411221053559e-05	2.391108e+01	4.269837e-01
2.689354664643304e-05	2.391068e+01	4.269765e-01
2.690358584099203e-05	2.391026e+01	4.269688e-01
2.692217916209182e-05	2.390946e+01	4.269547e-01
2.694538082995482e-05	2.390847e+01	4.269370e-01
2.697527791228546e-05	2.390720e+01	4.269143e-01
2.700182388446978e-05	2.390607e+01	4.268942e-01
2.703052358641808e-05	2.390486e+01	4.268725e-01
2.706095959752880e-05	2.390358e+01	4.268496e-01
2.709588873076908e-05	2.390211e+01	4.268233e-01
2.711446267557836e-05	2.390133e+01	4.268094e-01
2.712556909270115e-05	2.390086e+01	4.268011e-01
2.713212548676076e-05	2.390059e+01	4.267963e-01
2.713620003658331e-05	2.390042e+01	4.267932e-01
2.713898900125883e-05	2.390031e+01	4.267912e-01
2.714076324009974e-05	2.390023e+01	4.267899e-01
2.714193314290979e-05	2.390019e+01	4.267890e-01
2.714269207304380e-05	2.390016e+01	4.267885e-01
2.714319636927878e-05	2.390014e+01	4.267882e-01
2.714365924318986e-05	2.390012e+01	4.267879e-01
2.714421647095032e-05	2.390010e+01	4.267875e-01
2.714475794579445e-05	2.390009e+01	4.267873e-01
2.714549368002840e-05	2.390007e+01	4.267870e-01
2.714644956636030e-05	2.390007e+01	4.267869e-01
2.714824110733489e-05	2.390009e+01	4.267874e-01
2.715057755551566e-05	2.390018e+01	4.267890e-01
2.715348892717503e-05	2.390035e+01	4.267920e-01
2.715624648768310e-05	2.390054e+01	4.267954e-01
2.715977097306026e-05	2.390080e+01	4.268000e-01
2.716462965690093e-05	2.390116e+01	4.268065e-01
2.717434702458055e-05	2.390189e+01	4.268194e-01
2.719378175994151e-05	2.390335e+01	4.268455e-01
2.721230551878603e-05	2.390474e+01	4.268703e-01
2.723430351008783e-05	2.390639e+01	4.268999e-01
2.725816300906507e-05	2.390819e+01	4.269319e-01
2.728356634091808e-05	2.391010e+01	4.269660e-01
2.731078349555230e-05	2.391214e+01	4.270025e-01
2.734173028563942e-05	2.391446e+01	4.270440e-01
2.737724224978824e-05	2.391712e+01	4.270914e-01
2.742023331940568e-05	2.392033e+01	4.271487e-01
2.747302970591663e-05	2.392425e+01	4.272187e-01
2.754279248269424e-05	2.392940e+01	4.273108e-01
2.763633164284962e-05	2.393626e+01	4.274333e-01
2.777167666158029e-05	2.394609e+01	4.276087e-01
2.796041052425743e-05	2.395960e+01	4.278499e-01
2.820041052425774e-05	2.397647e+01	4.281513e-01
2.844041052425805e-05	2.399301e+01	4.284466e-01
2.868041052425836e-05	2.400919e+01	4.287355e-01
2.892041052425867e-05	2.402501e+01	4.290181e-01
2.916041052425898e-05	2.404047e+01	4.292942e-01
2.940041052425929e-05	2.405558e+01	4.295639e-01
2.964041052425960e-05	2.407033e+01	4.298273e-01
2.988041052425991e-05	2.408471e+01	4.300842e-01
3.012041052426022e-05	2.409875e+01	4.303347e-01
3.060041052426084e-05	2.412573e+01	4.308167e-01
3.132041052426177e-05	2.416352e+01	4.314915e-01
3.173183909569087e-05	2.418367e+01	4.318512e-01
3.214326766711997e-05	2.420276e+01	4.321922e-01
3.255469623854907e-05	2.422081e+01	4.325145e-01
3.296612480997817e-05	2.423781e+01	4.328181e-01
3.337755338140728e-05	2.425377e+01	4.331030e-01
3.378898195283638e-05	2.426868e+01	4.333693e-01
3.420041052426548e-05	2.428254e+01	4.336168e-01
3.434433333335089e-05	2.428719e+01	4.336998e-01
3.434533333335037e-05	2.428722e+01	4.337004e-01
3.434733333334931e-05	2.428728e+01	4.337015e-01
3.435133333334721e-05	2.428741e+01	4.337038e-01
3.435933333334300e-05	2.428766e+01	4.337083e-01
3.437533333333458e-05	2.428816e+01	4.337172e-01
3.440733333331773e-05	2.428916e+01	4.337350e-01
3.447133333328405e-05	2.429114e+01	4.337704e-01
3.447233333328352e-05	2.429117e+01	4.337709e-01
3.447433333328247e-05	2.429123e+01	4.337720e-01
3.447833333328036e-05	2.429136e+01	4.337742e-01
3.448633333327615e-05	2.429160e+01	4.337786e-01
3.450233333326773e-05	2.429209e+01	4.337873e-01
3.453433333325089e-05	2.429306e+01	4.338047e-01
3.453533333325036e-05	2.429309e+01	4.338052e-01
3.453733333324931e-05	2.429315e+01	4.338063e-01
3.454133333324720e-05	2.429327e+01	4.338085e-01
3.454933333324299e-05	2.429352e+01	4.338128e-01
3.456533333323457e-05	2.429400e+01	4.338214e-01
3.456633333323404e-05	2.429403e+01	4.338219e-01
3.456833333323299e-05	2.429409e+01	4.338230e-01
3.457233333323088e-05	2.429421e+01	4.338252e-01
3.457633333335541e-05	2.429433e+01	4.338273e-01
3.457733333335489e-05	2.429436e+01	4.338278e-01
3.457933333335383e-05	2.429442e+01	4.338289e-01
3.458033333335331e-05	2.429445e+01	4.338295e-01
3.458233333335226e-05	2.429451e+01	4.338305e-01
3.458333333335173e-05	2.429454e+01	4.338311e-01
3.458433333335120e-05	2.429457e+01	4.338316e-01
3.458443333335080e-05	2.429457e+01	4.338317e-01
3.458463333335000e-05	2.429458e+01	4.338318e-01
3.458493333335054e-05	2.429459e+01	4.338319e-01
3.458533333335068e-05	2.429460e+01	4.338321e-01
3.458537333335052e-05	2.429460e+01	4.338322e-01
3.458545333335020e-05	2.429460e+01	4.338322e-01
3.458561333334956e-05	2.429461e+01	4.338323e-01
3.458593333335001e-05	2.429462e+01	4.338325e-01
3.458657333335093e-05	2.429464e+01	4.338328e-01
3.458776642923343e-05	2.429467e+01	4.338335e-01
3.459015262099845e-05	2.429474e+01	4.338347e-01
3.459384336753496e-05	2.429486e+01	4.338367e-01
3.459739494258290e-05	2.429496e+01	4.338386e-01
3.460129167757314e-05	2.429508e+01	4.338407e-01
3.460504800658487e-05	2.429519e+01	4.338427e-01
3.460789131495313e-05	2.429528e+01	4.338442e-01
3.460967214432946e-05	2.429533e+01	4.338452e-01
3.461137940423409e-05	2.429538e+01	4.338461e-01
3.461228702437112e-05	2.429541e+01	4.338466e-01
3.461338265606934e-05	2.429544e+01	4.338472e-01
3.461510867571599e-05	2.429549e+01	4.338481e-01
3.461692284112590e-05	2.429555e+01	4.338490e-01
3.461891624329839e-05	2.429561e+01	4.338501e-01
3.462014408211860e-05	2.429564e+01	4.338508e-01
3.462162673645471e-05	2.429569e+01	4.338516e-01
3.462306022253975e-05	2.429573e+01	4.338523e-01
3.462448409038803e-05	2.429578e+01	4.338531e-01
3.462695646853572e-05	2.429585e+01	4.338545e-01
3.463108246965288e-05	2.429598e+01	4.338568e-01
3.463531569620863e-05	2.429612e+01	4.338593e-01
3.464378214931840e-05	2.429640e+01	4.338642e-01
3.465165967169587e-05	2.429665e+01	4.338688e-01
3.465515511569088e-05	2.429673e+01	4.338702e-01
3.465772077732368e-05	2.429667e+01	4.338691e-01
3.465985128163138e-05	2.429639e+01	4.338641e-01
3.466253795192387e-05	2.429559e+01	4.338498e-01
3.466552098629894e-05	2.429419e+01	4.338249e-01
3.466643234014376e-05	2.429368e+01	4.338157e-01
3.466676966097822e-05	2.429352e+01	4.338129e-01
3.466683915962811e-05	2.429351e+01	4.338126e-01
3.466688334557641e-05	2.429350e+01	4.338126e-01
3.466693996455675e-05	2.429350e+01	4.338125e-01
3.466700482569231e-05	2.429350e+01	4.338124e-01
3.466707837648277e-05	2.429349e+01	4.338124e-01
3.466719582012785e-05	2.429349e+01	4.338123e-01
3.466731947569107e-05	2.429348e+01	4.338122e-01
3.466756678681751e-05	2.429347e+01	4.338120e-01
3.466779725038067e-05	2.429346e+01	4.338118e-01
3.466825817750874e-05	2.429344e+01	4.338114e-01
3.466882530021864e-05	2.429341e+01	4.338109e-01
3.466995954564019e-05	2.429336e+01	4.338100e-01
3.467175184224992e-05	2.429328e+01	4.338085e-01
3.467522144923359e-05	2.429312e+01	4.338057e-01
3.468088024840936e-05	2.429287e+01	4.338012e-01
3.468841465306682e-05	2.429253e+01	4.337951e-01
3.469528592555879e-05	2.429222e+01	4.337896e-01
3.470177020953834e-05	2.429193e+01	4.337845e-01
3.470838090740072e-05	2.429164e+01	4.337792e-01
3.471536516500180e-05	2.429133e+01	4.337737e-01
3.472224276088003e-05	2.429102e+01	4.337683e-01
3.472960947363893e-05	2.429070e+01	4.337625e-01
3.473738565346225e-05	2.429036e+01	4.337564e-01
3.474498090818949e-05	2.429003e+01	4.337505e-01
3.475295443702321e-05	2.428968e+01	4.337443e-01
3.476127608969572e-05	2.428932e+01	4.337378e-01
3.476447956483886e-05	2.428918e+01	4.337353e-01
3.476673842133481e-05	2.428908e+01	4.337336e-01
3.476856486922530e-05	2.428900e+01	4.337321e-01
3.477063714299629e-05	2.428891e+01	4.337305e-01
3.477314753289745e-05	2.428880e+01	4.337286e-01
3.477552388935629e-05	2.428870e+01	4.337267e-01
3.477959349724308e-05	2.428852e+01	4.337236e-01
3.478351793094990e-05	2.428835e+01	4.337206e-01
3.479136679836355e-05	2.428801e+01	4.337145e-01
3.479985284366230e-05	2.428764e+01	4.337079e-01
3.480612443127092e-05	2.428737e+01	4.337030e-01
3.480974894120442e-05	2.428721e+01	4.337002e-01
3.481229658442928e-05	2.428710e+01	4.336983e-01
3.481504227150108e-05	2.428698e+01	4.336961e-01
3.481780580888612e-05	2.428686e+01	4.336940e-01
3.482075094054897e-05	2.428674e+01	4.336917e-01
3.482363625846585e-05	2.428661e+01	4.336895e-01
3.482709061353693e-05	2.428646e+01	4.336868e-01
3.483048731259958e-05	2.428631e+01	4.336842e-01
3.483502850929777e-05	2.428612e+01	4.336807e-01
3.483924988055553e-05	2.428593e+01	4.336774e-01
3.484649211407849e-05	2.428562e+01	4.336718e-01
3.485320568040462e-05	2.428533e+01	4.336666e-01
3.485999591724617e-05	2.428503e+01	4.336613e-01
3.486730431259688e-05	2.428472e+01	4.336556e-01
3.487553458982051e-05	2.428436e+01	4.336493e-01
3.488600079155219e-05	2.428391e+01	4.336412e-01
3.489874819622221e-05	2.428335e+01	4.336313e-01
3.491501564178642e-05	2.428265e+01	4.336187e-01
3.493254461637771e-05	2.428189e+01	4.336051e-01
3.493954975702929e-05	2.428158e+01	4.335997e-01
3.494525576727692e-05	2.428134e+01	4.335953e-01
3.495184023293192e-05	2.428105e+01	4.335902e-01
3.495589005440315e-05	2.428088e+01	4.335871e-01
3.496065348013860e-05	2.428067e+01	4.335834e-01
3.496510569369476e-05	2.428048e+01	4.335799e-01
3.497040775708379e-05	2.428025e+01	4.335758e-01
3.497681682824820e-05	2.427997e+01	4.335709e-01
3.498274007864705e-05	2.427971e+01	4.335663e-01
3.499075541666882e-05	2.427936e+01	4.335601e-01
3.499816445796076e-05	2.427904e+01	4.335543e-01
3.500671503754021e-05	2.427867e+01	4.335477e-01
3.501529295989181e-05	2.427830e+01	4.335411e-01
3.502475386962106e-05	2.427789e+01	4.335338e-01
3.503623766513281e-05	2.427739e+01	4.335248e-01
3.504741616511785e-05	2.427691e+01	4.335162e-01
3.506690709144909e-05	2.427606e+01	4.335011e-01
3.508587841913498e-05	2.427524e+01	4.334864e-01
3.512382107450848e-05	2.427360e+01	4.334570e-01
3.516744995252057e-05	2.427170e+01	4.334233e-01
3.525470770854473e-05	2.426792e+01	4.333557e-01
3.535078927171219e-05	2.426376e+01	4.332814e-01
3.548499759691362e-05	2.425794e+01	4.331776e-01
3.562170096352811e-05	2.425202e+01	4.330719e-01
3.581010274888649e-05	2.424387e+01	4.329262e-01
3.600701137727522e-05	2.423534e+01	4.327740e-01
3.624701137727553e-05	2.422496e+01	4.325886e-01
3.648701137727584e-05	2.421458e+01	4.324032e-01
3.672701137727614e-05	2.420420e+01	4.322180e-01
3.696701137727645e-05	2.419383e+01	4.320328e-01
3.720701137727676e-05	2.418347e+01	4.318476e-01
3.744701137727707e-05	2.417311e+01	4.316626e-01
3.768701137727738e-05	2.416275e+01	4.314776e-01
3.792701137727769e-05	2.415239e+01	4.312928e-01
3.816701137727800e-05	2.414205e+01	4.311080e-01
3.840701137727831e-05	2.413170e+01	4.309232e-01
3.864701137727862e-05	2.412136e+01	4.307386e-01
3.888701137727893e-05	2.411103e+01	4.305540e-01
3.912701137727924e-05	2.410069e+01	4.303696e-01
3.936701137727955e-05	2.409037e+01	4.301851e-01
3.960701137727986e-05	2.408005e+01	4.300008e-01
3.984701137728017e-05	2.406973e+01	4.298166e-01
4.008701137728048e-05	2.405941e+01	4.296324e-01
4.032701137728079e-05	2.404911e+01	4.294483e-01
4.056701137728110e-05	2.403880e+01	4.292643e-01
4.104701137728171e-05	2.401821e+01	4.288965e-01
4.152701137728233e-05	2.399763e+01	4.285291e-01
4.200701137728295e-05	2.397707e+01	4.281619e-01
4.248701137728357e-05	2.395652e+01	4.277951e-01
4.272701137728388e-05	2.394626e+01	4.276118e-01
4.296701137728419e-05	2.393600e+01	4.274285e-01
4.309333333335150e-05	2.393060e+01	4.273321e-01
4.309433333335097e-05	2.393056e+01	4.273314e-01
4.309633333335165e-05	2.393047e+01	4.273298e-01
4.309872428166946e-05	2.393037e+01	4.273280e-01
4.310102498923316e-05	2.393027e+01	4.273262e-01
4.310562640435882e-05	2.393007e+01	4.273227e-01
4.311208904046217e-05	2.392980e+01	4.273178e-01
4.312345215006473e-05	2.392931e+01	4.273091e-01
4.314617836926986e-05	2.392834e+01	4.272918e-01
4.319163080768185e-05	2.392640e+01	4.272571e-01
4.324242845652956e-05	2.392423e+01	4.272183e-01
4.324342845652904e-05	2.392418e+01	4.272176e-01
4.324542845652972e-05	2.392410e+01	4.272161e-01
4.324942845652935e-05	2.392393e+01	4.272130e-01
4.325312930796715e-05	2.392377e+01	4.272102e-01
4.326053101084103e-05	2.392345e+01	4.272045e-01
4.327390571518160e-05	2.392288e+01	4.271944e-01
4.329935338905425e-05	2.392180e+01	4.271749e-01
4.330035338905372e-05	2.392175e+01	4.271742e-01
4.330235338905440e-05	2.392167e+01	4.271726e-01
4.330635338905403e-05	2.392150e+01	4.271696e-01
4.331005174981403e-05	2.392134e+01	4.271668e-01
4.331744847133404e-05	2.392102e+01	4.271611e-01
4.331997788266199e-05	2.392092e+01	4.271592e-01
4.332503670531791e-05	2.392070e+01	4.271553e-01
4.332603670531739e-05	2.392066e+01	4.271546e-01
4.332803670531807e-05	2.392057e+01	4.271531e-01
4.332957213562180e-05	2.392051e+01	4.271519e-01
4.333044246304305e-05	2.392047e+01	4.271512e-01
4.333159267850932e-05	2.392042e+01	4.271503e-01
4.333233333335233e-05	2.392039e+01	4.271498e-01
4.333333333335181e-05	2.392035e+01	4.271490e-01
4.333333553477141e-05	2.392035e+01	4.271490e-01
4.333333993761061e-05	2.392035e+01	4.271490e-01
4.333334874328729e-05	2.392034e+01	4.271490e-01
4.333336635464063e-05	2.392034e+01	4.271490e-01
4.333340157734733e-05	2.392034e+01	4.271490e-01
4.333347202276246e-05	2.392034e+01	4.271489e-01
4.333361291359271e-05	2.392033e+01	4.271488e-01
4.333377245164909e-05	2.392033e+01	4.271487e-01
4.333395544650100e-05	2.392032e+01	4.271486e-01
4.333409103101857e-05	2.392031e+01	4.271484e-01
4.333433333335128e-05	2.392030e+01	4.271483e-01
4.333435756358542e-05	2.392030e+01	4.271482e-01
4.333440602405196e-05	2.392030e+01	4.271482e-01
4.333450294498505e-05	2.392029e+01	4.271481e-01
4.333469678685122e-05	2.392029e+01	4.271480e-01
4.333505734008605e-05	2.392027e+01	4.271477e-01
4.333541157644505e-05	2.392026e+01	4.271474e-01
4.333590361973831e-05	2.392023e+01	4.271471e-01
4.333617576673422e-05	2.392022e+01	4.271469e-01
4.333632969578949e-05	2.392022e+01	4.271467e-01
4.333647411801020e-05	2.392021e+01	4.271466e-01
4.333661667505102e-05	2.392020e+01	4.271465e-01
4.333682457955366e-05	2.392019e+01	4.271463e-01
4.333721957560863e-05	2.392018e+01	4.271460e-01
4.333778469362004e-05	2.392015e+01	4.271456e-01
4.333839965329350e-05	2.392013e+01	4.271452e-01
4.333903636445473e-05	2.392010e+01	4.271447e-01
4.333971847342473e-05	2.392007e+01	4.271441e-01
4.334033829851702e-05	2.392005e+01	4.271437e-01
4.334080941824359e-05	2.392002e+01	4.271433e-01
4.334116550969332e-05	2.392001e+01	4.271430e-01
4.334157089424910e-05	2.391999e+01	4.271427e-01
4.334193409627485e-05	2.391998e+01	4.271424e-01
4.334233228935926e-05	2.391996e+01	4.271421e-01
4.334312867552807e-05	2.391993e+01	4.271415e-01
4.334426365583052e-05	2.391988e+01	4.271407e-01
4.334636690095026e-05	2.391979e+01	4.271391e-01
4.334838351604912e-05	2.391970e+01	4.271375e-01
4.334985136147940e-05	2.391964e+01	4.271364e-01
4.335106860310113e-05	2.391959e+01	4.271355e-01
4.335182270679729e-05	2.391956e+01	4.271349e-01
4.335228233516043e-05	2.391953e+01	4.271346e-01
4.335259548068557e-05	2.391952e+01	4.271343e-01
4.335292678591535e-05	2.391951e+01	4.271341e-01
4.335320228358169e-05	2.391950e+01	4.271339e-01
4.335355018271134e-05	2.391948e+01	4.271336e-01
4.335390481015680e-05	2.391947e+01	4.271333e-01
4.335413383095219e-05	2.391946e+01	4.271331e-01
4.335444007116593e-05	2.391944e+01	4.271329e-01
4.335460772493874e-05	2.391944e+01	4.271328e-01
4.335471893625147e-05	2.391943e+01	4.271327e-01
4.335488245631701e-05	2.391942e+01	4.271326e-01
4.335500694932840e-05	2.391942e+01	4.271325e-01
4.335516607464028e-05	2.391941e+01	4.271324e-01
4.335535546563969e-05	2.391940e+01	4.271322e-01
4.335553399994509e-05	2.391940e+01	4.271321e-01
4.335589106855761e-05	2.391938e+01	4.271318e-01
4.335637756944059e-05	2.391936e+01	4.271314e-01
4.335720175140979e-05	2.391932e+01	4.271308e-01
4.335805934960711e-05	2.391929e+01	4.271302e-01
4.335934416728471e-05	2.391923e+01	4.271292e-01
4.336062188985135e-05	2.391918e+01	4.271282e-01
4.336243378954933e-05	2.391910e+01	4.271268e-01
4.336434117401498e-05	2.391902e+01	4.271254e-01
4.336682222333237e-05	2.391891e+01	4.271235e-01
4.336988311859184e-05	2.391878e+01	4.271211e-01
4.337387279855845e-05	2.391861e+01	4.271181e-01
4.337994759058723e-05	2.391835e+01	4.271134e-01
4.338841357906173e-05	2.391799e+01	4.271070e-01
4.340534555601246e-05	2.391727e+01	4.270941e-01
4.343920950991217e-05	2.391582e+01	4.270683e-01
4.347060274219848e-05	2.391448e+01	4.270443e-01
4.349360902934987e-05	2.391350e+01	4.270268e-01
4.350963257137956e-05	2.391282e+01	4.270146e-01
4.352163379318409e-05	2.391230e+01	4.270054e-01
4.353146687193464e-05	2.391188e+01	4.269979e-01
4.354098282228006e-05	2.391148e+01	4.269907e-01
4.355087849221284e-05	2.391106e+01	4.269831e-01
4.356046430609856e-05	2.391065e+01	4.269759e-01
4.357057650878141e-05	2.391022e+01	4.269682e-01
4.358992433913834e-05	2.390939e+01	4.269535e-01
4.361384915180407e-05	2.390837e+01	4.269353e-01
4.364272379530666e-05	2.390715e+01	4.269134e-01
4.366932177821484e-05	2.390602e+01	4.268932e-01
4.369778029011950e-05	2.390481e+01	4.268717e-01
4.372884186872386e-05	2.390350e+01	4.268483e-01
4.376421313944182e-05	2.390201e+01	4.268217e-01
4.378304236075069e-05	2.390122e+01	4.268076e-01
4.379428402426222e-05	2.390075e+01	4.267992e-01
4.380087760090697e-05	2.390048e+01	4.267943e-01
4.380478998000648e-05	2.390032e+01	4.267914e-01
4.380714453334870e-05	2.390022e+01	4.267897e-01
4.380858362677646e-05	2.390017e+01	4.267887e-01
4.380946929451006e-05	2.390013e+01	4.267880e-01
4.380998892571444e-05	2.390011e+01	4.267877e-01
4.381048105771973e-05	2.390009e+01	4.267874e-01
4.381103756311705e-05	2.390008e+01	4.267871e-01
4.381166456161184e-05	2.390006e+01	4.267868e-01
4.381251784276244e-05	2.390005e+01	4.267867e-01
4.381385933597583e-05	2.390006e+01	4.267868e-01
4.381654232240260e-05	2.390015e+01	4.267883e-01
4.381921360853760e-05	2.390029e+01	4.267908e-01
4.382228149634945e-05	2.390049e+01	4.267945e-01
4.382539463438674e-05	2.390072e+01	4.267986e-01
4.382990831670180e-05	2.390105e+01	4.268045e-01
4.383893568133367e-05	2.390173e+01	4.268166e-01
4.385699041059565e-05	2.390308e+01	4.268408e-01
4.387600117263142e-05	2.390451e+01	4.268662e-01
4.389703106191627e-05	2.390609e+01	4.268945e-01
4.392111798703219e-05	2.390790e+01	4.269269e-01
4.394574400491506e-05	2.390976e+01	4.269599e-01
4.397309852894812e-05	2.391181e+01	4.269966e-01
4.400286207607677e-05	2.391405e+01	4.270365e-01
4.403816491951526e-05	2.391669e+01	4.270837e-01
4.407902662405087e-05	2.391974e+01	4.271381e-01
4.413104689338608e-05	2.392360e+01	4.272072e-01
4.419615725251638e-05	2.392842e+01	4.272932e-01
4.428760373697584e-05	2.393513e+01	4.274131e-01
4.441121193432887e-05	2.394412e+01	4.275737e-01
4.459644676367211e-05	2.395741e+01	4.278109e-01
4.483644676367242e-05	2.397433e+01	4.281130e-01
4.507644676367273e-05	2.399091e+01	4.284092e-01
4.531644676367304e-05	2.400714e+01	4.286989e-01
4.555644676367335e-05	2.402301e+01	4.289823e-01
4.579644676367366e-05	2.403852e+01	4.292592e-01
4.603644676367397e-05	2.405367e+01	4.295297e-01
4.627644676367428e-05	2.406846e+01	4.297939e-01
4.651644676367458e-05	2.408289e+01	4.300516e-01
4.675644676367489e-05	2.409697e+01	4.303030e-01
4.723644676367551e-05	2.412404e+01	4.307865e-01
4.795644676367644e-05	2.416197e+01	4.314638e-01
4.833358962081979e-05	2.418055e+01	4.317956e-01
4.871073247796313e-05	2.419825e+01	4.321117e-01
4.908787533510647e-05	2.421507e+01	4.324119e-01
4.946501819224982e-05	2.423100e+01	4.326964e-01
4.984216104939316e-05	2.424605e+01	4.329652e-01
5.021930390653650e-05	2.426022e+01	4.332182e-01
5.059644676367984e-05	2.427350e+01	4.334554e-01
5.083644676368015e-05	2.428152e+01	4.335986e-01
5.101100000001746e-05	2.428718e+01	4.336996e-01
5.101200000001693e-05	2.428721e+01	4.337001e-01
5.101400000001588e-05	2.428727e+01	4.337013e-01
5.101800000001377e-05	2.428740e+01	4.337035e-01
5.102600000000956e-05	2.428765e+01	4.337080e-01
5.104200000000114e-05	2.428815e+01	4.337170e-01
5.107399999998430e-05	2.428915e+01	4.337347e-01
5.113799999995061e-05	2.429113e+01	4.337701e-01
5.113899999995009e-05	2.429116e+01	4.337707e-01
5.114099999994903e-05	2.429122e+01	4.337718e-01
5.114499999994693e-05	2.429134e+01	4.337740e-01
5.115299999994272e-05	2.429159e+01	4.337783e-01
5.116899999993429e-05	2.429207e+01	4.337870e-01
5.120099999991745e-05	2.429305e+01	4.338045e-01
5.120199999991693e-05	2.429308e+01	4.338050e-01
5.120399999991587e-05	2.429314e+01	4.338061e-01
5.120799999991377e-05	2.429326e+01	4.338082e-01
5.121599999990956e-05	2.429350e+01	4.338126e-01
5.123199999990113e-05	2.429399e+01	4.338212e-01
5.123299999990061e-05	2.429402e+01	4.338217e-01
5.123499999989956e-05	2.429408e+01	4.338228e-01
5.123899999989745e-05	2.429420e+01	4.338250e-01
5.124300000002198e-05	2.429432e+01	4.338271e-01
5.124400000002145e-05	2.429435e+01	4.338276e-01
5.124600000002040e-05	2.429441e+01	4.338287e-01
5.124700000001987e-05	2.429444e+01	4.338292e-01
5.124900000001882e-05	2.429450e+01	4.338303e-01
5.125000000001829e-05	2.429453e+01	4.338309e-01
5.125100000001777e-05	2.429456e+01	4.338314e-01
5.125110000001737e-05	2.429456e+01	4.338314e-01
5.125130000001657e-05	2.429457e+01	4.338315e-01
5.125160000001711e-05	2.429457e+01	4.338317e-01
5.125200000001724e-05	2.429459e+01	4.338319e-01
5.125204000001708e-05	2.429459e+01	4.338319e-01
5.125212000001676e-05	2.429459e+01	4.338320e-01
5.125228000001612e-05	2.429460e+01	4.338321e-01
5.125260000001658e-05	2.429461e+01	4.338322e-01
5.125324000001749e-05	2.429462e+01	4.338326e-01
5.125443307209439e-05	2.429466e+01	4.338332e-01
5.125681921624992e-05	2.429473e+01	4.338345e-01
5.126050999631343e-05	2.429484e+01	4.338365e-01
5.126406158749951e-05	2.429495e+01	4.338384e-01
5.126795832558276e-05	2.429506e+01	4.338405e-01
5.127171464398318e-05	2.429518e+01	4.338425e-01
5.127455796688843e-05	2.429526e+01	4.338440e-01
5.127633879908021e-05	2.429532e+01	4.338449e-01
5.127804605469660e-05	2.429537e+01	4.338458e-01
5.127895367389688e-05	2.429539e+01	4.338463e-01
5.128004930773228e-05	2.429543e+01	4.338469e-01
5.128177531838786e-05	2.429548e+01	4.338478e-01
5.128358948414125e-05	2.429553e+01	4.338488e-01
5.128558289838915e-05	2.429559e+01	4.338499e-01
5.128681073952521e-05	2.429563e+01	4.338505e-01
5.128829339663167e-05	2.429568e+01	4.338513e-01
5.128972688547319e-05	2.429572e+01	4.338521e-01
5.129115075376035e-05	2.429576e+01	4.338529e-01
5.129362313462810e-05	2.429584e+01	4.338543e-01
5.129774914010461e-05	2.429597e+01	4.338566e-01
5.130198236938041e-05	2.429611e+01	4.338590e-01
5.131044882793374e-05	2.429638e+01	4.338640e-01
5.131832635534191e-05	2.429664e+01	4.338686e-01
5.132182180165104e-05	2.429672e+01	4.338700e-01
5.132438743796382e-05	2.429666e+01	4.338689e-01
5.132651793082234e-05	2.429638e+01	4.338639e-01
5.132920458881564e-05	2.429558e+01	4.338496e-01
5.133218760464825e-05	2.429418e+01	4.338247e-01
5.133309895039365e-05	2.429366e+01	4.338154e-01
5.133343625947882e-05	2.429351e+01	4.338126e-01
5.133350576205613e-05	2.429349e+01	4.338124e-01
5.133354994607021e-05	2.429349e+01	4.338123e-01
5.133360656265490e-05	2.429349e+01	4.338123e-01
5.133367140159467e-05	2.429348e+01	4.338122e-01
5.133374492837656e-05	2.429348e+01	4.338121e-01
5.133386231626763e-05	2.429347e+01	4.338120e-01
5.133398591391017e-05	2.429347e+01	4.338119e-01
5.133423310919524e-05	2.429346e+01	4.338117e-01
5.133446344555981e-05	2.429345e+01	4.338115e-01
5.133492411828894e-05	2.429342e+01	4.338112e-01
5.133549075497616e-05	2.429340e+01	4.338107e-01
5.133662402835061e-05	2.429335e+01	4.338098e-01
5.133841409210235e-05	2.429327e+01	4.338083e-01
5.134187840792094e-05	2.429311e+01	4.338055e-01
5.134753023046043e-05	2.429285e+01	4.338009e-01
5.135507367583919e-05	2.429251e+01	4.337949e-01
5.136194892267285e-05	2.429221e+01	4.337894e-01
5.136843127641691e-05	2.429192e+01	4.337842e-01
5.137504119999761e-05	2.429162e+01	4.337790e-01
5.138202490276300e-05	2.429131e+01	4.337735e-01
5.138890309971424e-05	2.429101e+01	4.337680e-01
5.139626931137571e-05	2.429069e+01	4.337623e-01
5.140404473958152e-05	2.429035e+01	4.337562e-01
5.141163764766157e-05	2.429002e+01	4.337503e-01
5.141961123761307e-05	2.428967e+01	4.337440e-01
5.142798269558956e-05	2.428930e+01	4.337375e-01
5.143119784878879e-05	2.428916e+01	4.337350e-01
5.143347773756829e-05	2.428906e+01	4.337333e-01
5.143528948735321e-05	2.428898e+01	4.337319e-01
5.143735074046758e-05	2.428889e+01	4.337302e-01
5.143982633555762e-05	2.428879e+01	4.337283e-01
5.144216942049550e-05	2.428868e+01	4.337265e-01
5.144616175293236e-05	2.428851e+01	4.337234e-01
5.145000374110788e-05	2.428835e+01	4.337204e-01
5.145768771746065e-05	2.428801e+01	4.337145e-01
5.146597338568856e-05	2.428765e+01	4.337081e-01
5.147262504831378e-05	2.428736e+01	4.337029e-01
5.147633202216666e-05	2.428720e+01	4.337001e-01
5.147892328807337e-05	2.428709e+01	4.336981e-01
5.148164547755067e-05	2.428697e+01	4.336959e-01
5.148441925733292e-05	2.428685e+01	4.336938e-01
5.148743027476310e-05	2.428672e+01	4.336915e-01
5.149031940617811e-05	2.428660e+01	4.336892e-01
5.149376440112194e-05	2.428645e+01	4.336866e-01
5.149716826565245e-05	2.428630e+01	4.336839e-01
5.150169837838184e-05	2.428610e+01	4.336804e-01
5.150592785982226e-05	2.428592e+01	4.336771e-01
5.151311890925873e-05	2.428561e+01	4.336716e-01
5.151972899970769e-05	2.428532e+01	4.336664e-01
5.152645615492946e-05	2.428503e+01	4.336613e-01
5.153366930161184e-05	2.428472e+01	4.336556e-01
5.154175130447566e-05	2.428437e+01	4.336494e-01
5.155201447603827e-05	2.428392e+01	4.336414e-01
5.156441520887990e-05	2.428338e+01	4.336318e-01
5.158031115136061e-05	2.428269e+01	4.336195e-01
5.159756255323882e-05	2.428195e+01	4.336062e-01
5.160486527869615e-05	2.428163e+01	4.336005e-01
5.161076025359326e-05	2.428137e+01	4.335960e-01
5.161726498902584e-05	2.428109e+01	4.335909e-01
5.162182625492555e-05	2.428089e+01	4.335874e-01
5.162604167472870e-05	2.428071e+01	4.335841e-01
5.163061528303675e-05	2.428051e+01	4.335806e-01
5.163632880050666e-05	2.428027e+01	4.335762e-01
5.164338144866658e-05	2.427996e+01	4.335707e-01
5.165051960408402e-05	2.427965e+01	4.335652e-01
5.165854747648038e-05	2.427930e+01	4.335590e-01
5.166662275710859e-05	2.427895e+01	4.335527e-01
5.167520014058742e-05	2.427858e+01	4.335461e-01
5.168449482085592e-05	2.427818e+01	4.335389e-01
5.169428152141352e-05	2.427775e+01	4.335313e-01
5.170571388846135e-05	2.427726e+01	4.335224e-01
5.171818291261308e-05	2.427672e+01	4.335128e-01
5.173561773583538e-05	2.427596e+01	4.334993e-01
5.175240282691632e-05	2.427523e+01	4.334863e-01
5.178597300907993e-05	2.427378e+01	4.334603e-01
5.182035895836060e-05	2.427229e+01	4.334337e-01
5.188913085692366e-05	2.426931e+01	4.333805e-01
5.198575237201110e-05	2.426512e+01	4.333057e-01
5.210575067737117e-05	2.425992e+01	4.332129e-01
5.224466557846898e-05	2.425390e+01	4.331054e-01
5.241433110272052e-05	2.424656e+01	4.329742e-01
5.260439790705750e-05	2.423833e+01	4.328273e-01
5.284439790705781e-05	2.422794e+01	4.326419e-01
5.308439790705811e-05	2.421756e+01	4.324565e-01
5.332439790705842e-05	2.420719e+01	4.322712e-01
5.356439790705873e-05	2.419681e+01	4.320860e-01
5.380439790705904e-05	2.418645e+01	4.319008e-01
5.404439790705935e-05	2.417608e+01	4.317158e-01
5.428439790705966e-05	2.416572e+01	4.315308e-01
5.452439790705997e-05	2.415537e+01	4.313459e-01
5.476439790706028e-05	2.414502e+01	4.311610e-01
5.500439790706059e-05	2.413467e+01	4.309763e-01
5.524439790706090e-05	2.412433e+01	4.307916e-01
5.548439790706121e-05	2.411399e+01	4.306071e-01
5.572439790706152e-05	2.410366e+01	4.304225e-01
5.596439790706183e-05	2.409334e+01	4.302381e-01
5.620439790706214e-05	2.408301e+01	4.300538e-01
5.644439790706245e-05	2.407269e+01	4.298695e-01
5.668439790706276e-05	2.406238e+01	4.296853e-01
5.692439790706307e-05	2.405207e+01	4.295012e-01
5.716439790706337e-05	2.404176e+01	4.293172e-01
5.764439790706399e-05	2.402116e+01	4.289494e-01
5.812439790706461e-05	2.400058e+01	4.285818e-01
5.860439790706523e-05	2.398002e+01	4.282146e-01
5.908439790706585e-05	2.395947e+01	4.278478e-01
5.932439790706616e-05	2.394921e+01	4.276645e-01
5.956439790706647e-05	2.393895e+01	4.274812e-01
5.976000000001806e-05	2.393059e+01	4.273319e-01
5.976100000003662e-05	2.393054e+01	4.273311e-01
5.976300000007373e-05	2.393046e+01	4.273296e-01
5.976555533084710e-05	2.393035e+01	4.273276e-01
5.976795835126170e-05	2.393025e+01	4.273258e-01
5.977276439209089e-05	2.393004e+01	4.273221e-01
5.977903037265343e-05	2.392977e+01	4.273174e-01
5.978962654014722e-05	2.392932e+01	4.273093e-01
5.981077329836847e-05	2.392842e+01	4.272932e-01
5.985306681481270e-05	2.392661e+01	4.272609e-01
5.991541296712991e-05	2.392394e+01	4.272133e-01
5.991641296714846e-05	2.392390e+01	4.272125e-01
5.991841296718557e-05	2.392382e+01	4.272110e-01
5.992171181877677e-05	2.392368e+01	4.272085e-01
5.992477723757925e-05	2.392355e+01	4.272062e-01
5.993066849579141e-05	2.392329e+01	4.272017e-01
5.993945464067077e-05	2.392292e+01	4.271950e-01
5.995464014605864e-05	2.392227e+01	4.271834e-01
5.996962898924263e-05	2.392163e+01	4.271719e-01
5.997002231365040e-05	2.392161e+01	4.271716e-01
5.997080896246593e-05	2.392158e+01	4.271711e-01
5.997201374844698e-05	2.392153e+01	4.271701e-01
5.997325855163459e-05	2.392147e+01	4.271692e-01
5.997554014065647e-05	2.392138e+01	4.271674e-01
5.997820741075049e-05	2.392126e+01	4.271654e-01
5.998219114477198e-05	2.392109e+01	4.271624e-01
5.998780432706075e-05	2.392085e+01	4.271581e-01
5.999103410684291e-05	2.392072e+01	4.271556e-01
5.999354044045405e-05	2.392061e+01	4.271537e-01
5.999498733279610e-05	2.392055e+01	4.271526e-01
5.999710621533427e-05	2.392046e+01	4.271510e-01
5.999810621535283e-05	2.392041e+01	4.271502e-01
5.999899999999982e-05	2.392037e+01	4.271495e-01
5.999999999999929e-05	2.392033e+01	4.271488e-01
